#1
char Aclass(3,11)
Atrajectory
1.1

char name(14,100)
Time
p1
p2
p3
x1
der(x1)
x2
der(x2)
x3
der(x3)
w
u
time
der(time)

char description(14,100)
time in [s]
 
 
 
 
 
 
 
 
 
 
 
 
 

int dataInfo(14,4)
0 1 0 -1 # time
2 2 0 -1 # p1
2 3 0 -1 # p2
2 4 0 -1 # p3
1 2 0 -1 # x1
1 3 0 -1 # der(x1)
1 4 0 -1 # x2
1 5 0 -1 # der(x2)
1 6 0 -1 # x3
1 7 0 -1 # der(x3)
1 8 0 -1 # w
1 9 0 -1 # u
1 10 0 -1 # time
1 11 0 -1 # der(time)

float data_1(301,11)
0.0 0.0000000000000000 -1.1000166656036647 1.0000000000000000 0.0000022235462476 0.0000000000000000 1.0100001371344496 1.0000020949983193 -0.1000000000000000 0.0000000000000000 0.9999999999991569 
0.0077525512861000 -0.0085277702111428 -1.0999642752813368 0.9999636456607729 -0.0093805473260325 0.0078361508012062 1.0115672475017270 0.9914358754496302 -0.1000000000000000 0.0077525512860831 1.0000000000000000 
0.0322474487139000 -0.0354657499382153 -1.0994155308006219 0.9993709131821031 -0.0390123253220356 0.0326751791722555 1.0165350795416301 0.9639051632438879 -0.1000000000000000 0.0322474487139216 1.0000000000000000 
0.0500000000000000 -0.0549768731283453 -1.0986539747664370 0.9984878236905361 -0.0604745610457323 0.0507533474243486 1.0201510648009755 0.9435109505621908 -0.1000000000000000 0.0500000000000107 1.0000000000000000 
0.0577525512861000 -0.0634671393400558 -1.0982390195200298 0.9979832773595193 -0.0698138539719770 0.0586635241227956 1.0217323361192048 0.9345161380194635 -0.1000000000000000 0.0577525512860938 1.0000000000000000 
0.0822474487139000 -0.0904199061793780 -1.0966474848887302 0.9959092126604903 -0.0994618977916172 0.0837652318448878 1.0267624848223194 0.9054893064811123 -0.1000000000000000 0.0822474487139322 1.0000000000000000 
0.1000000000000000 -0.1097120069421916 -1.0737526807938491 0.9939548133532867 -0.1206832088428575 0.1019951601857964 1.0264666888792950 0.8842428064110952 -0.0784754176683360 0.1000000000000213 1.0000000000000000 
0.1077525512861000 -0.1178238034264159 -1.0189453076386812 0.9929842843872603 -0.1296061850647056 0.1099316455385806 1.0222864923797395 0.8751604809608443 -0.0243135859758125 0.1077525512861044 1.0000000000000000 
0.1322474487139000 -0.1406776856789722 -0.8475322231764379 0.9894923372907870 -0.1547454557938298 0.1351630792076479 1.0472168434549480 0.8488146516118149 0.1449009690974812 0.1322474487139429 1.0000000000000000 
0.1500000000000000 -0.1546341731369150 -0.7250484398302381 0.9866053758419896 -0.1700975921510393 0.1541823004861323 1.1004052509090796 0.8319712027050746 0.2656717254360035 0.1500000000000319 1.0000000000000000 
0.1577525512861000 -0.1600494926221098 -0.6720401543675185 0.9852632660680141 -0.1760544436443031 0.1628334169817492 1.1325997610081808 0.8252137734459043 0.3179055671172427 0.1577525512861150 1.0000000000000000 
0.1822474487139000 -0.1744769660158412 -0.5064347466322378 0.9807474167279510 -0.1919246645360592 0.1921432241585214 1.2690599769090600 0.8062704507121098 0.4809662627556021 0.1822474487139535 1.0000000000000000 
0.2000000000000000 -0.1824157723648303 -0.3882004439238624 0.9772593076744801 -0.2006573516072462 0.2157941185798842 1.3999238304172927 0.7948435353096499 0.5972610513339029 0.2000000000000425 1.0000000000000000 
0.2077525512861000 -0.1852462382339854 -0.3370544817233359 0.9756897751878182 -0.2037708640944420 0.2268407128985327 1.4652182295068998 0.7904435369538328 0.6475325707344106 0.2077525512861256 1.0000000000000000 
0.2322474487139000 -0.1919699371747388 -0.2317248550688462 0.9706047190338782 -0.2111669330032077 0.2649169886771205 1.6147133416243198 0.7786347818591396 0.7500000000000000 0.2322474487139641 1.0000000000000000 
0.2500000000000000 -0.1959725651417378 -0.2296063126994515 0.9668156956692900 -0.2155698238109215 0.2937143666313025 1.6143716787954718 0.7708431305275523 0.7500000000000000 0.2500000000000531 1.0000000000000000 
0.2577525512861000 -0.1977490284271886 -0.2286848280678472 0.9651368997121471 -0.2175239334444522 0.3062292115734340 1.6141982247065572 0.7673878712849586 0.7500000000000000 0.2577525512861362 1.0000000000000000 
0.2822474487139000 -0.2033150163058870 -0.2257774223197457 0.9597335274675410 -0.2236465201722268 0.3457605832121305 1.6134827088120973 0.7564185111616542 0.7500000000000000 0.2822474487139747 1.0000000000000000 
0.3000000000000000 -0.2073044737145936 -0.2236749567027695 0.9557242176627337 -0.2280349233656740 0.3743982113341353 1.6128064746432966 0.7484197439481401 0.7500000000000000 0.3000000000000637 1.0000000000000000 
0.3077525512861000 -0.2090349717601644 -0.2227582189106484 0.9539489813621449 -0.2299384712348314 0.3869002896487159 1.6124699623851255 0.7449140096019805 0.7500000000000000 0.3077525512861468 1.0000000000000000 
0.3322474487139000 -0.2144559923077219 -0.2198679849672028 0.9482434703257110 -0.2359015938967569 0.4263830574102316 1.6112436332214906 0.7337874780179889 0.7500000000000000 0.3322474487139851 1.0000000000000000 
0.3500000000000000 -0.2183406665193807 -0.2177797889495596 0.9440176251735782 -0.2401747355722993 0.4549776831239401 1.6102015099122298 0.7256769586541975 0.7500000000000000 0.3500000000000742 1.0000000000000000 
0.3577525512861000 -0.2200254873355554 -0.2168697007657785 0.9421484691335577 -0.2420280384886185 0.4674589512333513 1.6097063950550117 0.7221229817980024 0.7500000000000000 0.3577525512861572 1.0000000000000000 
0.3822474487139000 -0.2253025402624328 -0.2140018927878250 0.9361487662203678 -0.2478327967662128 0.5068679325624896 1.6079838460005498 0.7108462259579350 0.7500000000000000 0.3822474487139956 1.0000000000000000 
0.4000000000000000 -0.2290832291309617 -0.2119310624263347 0.9317121275649775 -0.2519915545631689 0.5354015332440911 1.6065868989619543 0.7026288984340158 0.7500000000000000 0.4000000000000846 1.0000000000000000 
0.4077525512861001 -0.2307227373658883 -0.2110287911413519 0.9297515542725241 -0.2537950136396169 0.5478541829798491 1.6059381410131013 0.6990288169066358 0.7500000000000000 0.4077525512861677 1.0000000000000000 
0.4322474487139000 -0.2358570273667501 -0.2081863754692131 0.9234655452521301 -0.2594427326970241 0.5871649646417394 1.6037355359578598 0.6876085178853799 0.7500000000000000 0.4322474487140061 1.0000000000000000 
0.4500000000000000 -0.2395346426688204 -0.2061343873803351 0.9188238075516876 -0.2634881095697422 0.6156200989854822 1.6019959401860646 0.6792891648828672 0.7500000000000000 0.4500000000000951 1.0000000000000000 
0.4577525512861000 -0.2411292437594219 -0.2052404035173351 0.9167742981567636 -0.2652421707869390 0.6280365821745987 1.6011989749675486 0.6756450543973416 0.7500000000000000 0.4577525512861782 1.0000000000000000 
0.4822474487139000 -0.2461220692827376 -0.2024241844369273 0.9102097994668005 -0.2707342789174897 0.6672255963973787 1.5985339520788815 0.6640877301840629 0.7500000000000000 0.4822474487140166 1.0000000000000000 
0.5000000000000000 -0.2496975580157746 -0.2003909855720852 0.9053686057127185 -0.2746673165631483 0.6955854581099615 1.5964649207750645 0.6556710476969438 0.7500000000000000 0.5000000000001056 1.0000000000000000 
0.5077525512861001 -0.2512476643144481 -0.1995051013750327 0.9032326187252364 -0.2763724335087349 0.7079585096258870 1.5955256292715354 0.6519849544107882 0.7500000000000000 0.5077525512861886 1.0000000000000000 
0.5322474487139001 -0.2561003124834251 -0.1967138407976338 0.8963973752320892 -0.2817103465479716 0.7470031053242081 1.5924172007910447 0.6402970627486642 0.7500000000000000 0.5322474487140270 1.0000000000000000 
0.5500000000000000 -0.2595745825180211 -0.1946979327517660 0.8913623170757127 -0.2855320436242320 0.7752515731988169 1.5900329116604128 0.6317877345576917 0.7500000000000000 0.5500000000001160 1.0000000000000000 
0.5577525512861000 -0.2610805812902686 -0.1938193382471557 0.8891422888735241 -0.2871886422902650 0.7875742324173273 1.5889575876493247 0.6280617075832555 0.7500000000000000 0.5577525512861989 1.0000000000000000 
0.5822474487139000 -0.2657942285995440 -0.1910498667198001 0.8820439772515113 -0.2923736543823015 0.8264527413231852 1.5854260364484980 0.6162497486519672 0.7500000000000000 0.5822474487140371 1.0000000000000000 
0.6000000000000000 -0.2691680783791752 -0.1890483831643766 0.8768205991070915 -0.2960848891769963 0.8545744255739882 1.5827415557472240 0.6076525207279163 0.7500000000000000 0.6000000000001261 1.0000000000000000 
0.6077525512861001 -0.2706303015299022 -0.1881756791233569 0.8745189461558517 -0.2976933346588753 0.8668400561832020 1.5815368724002143 0.6038886446259495 0.7500000000000000 0.6077525512862092 1.0000000000000000 
0.6322474487139000 -0.2752059198405949 -0.1854229965424058 0.8671651835800175 -0.3027265148509530 0.9055318537256816 1.5776036453691580 0.5919592637394225 0.7500000000000000 0.6322474487140475 1.0000000000000000 
0.6500000000000000 -0.2784799717600988 -0.1834317728396508 0.8617589904912478 -0.3063279719984103 0.9335121384677862 1.5746348496203426 0.5832790187311491 0.7500000000000000 0.6500000000001365 1.0000000000000000 
0.6577525512861000 -0.2798986671225534 -0.1825630002604995 0.8593781131855599 -0.3078885369127111 0.9457144465817112 1.5733078250514756 0.5794794460630066 0.7500000000000000 0.6577525512862196 1.0000000000000000 
0.6822474487139000 -0.2843369344144580 -0.1798203653403932 0.8517764710613396 -0.3127706309826115 0.9842000073525049 1.5689954230777823 0.5674395366468815 0.7500000000000000 0.6822474487140578 1.0000000000000000 
0.7000000000000000 -0.2875115714724486 -0.1778339998453361 0.8461929401401358 -0.3162627317813110 1.0120250891044904 1.5657589181871268 0.5586813686676873 0.7500000000000000 0.7000000000001469 1.0000000000000000 
0.7077525512861000 -0.2888868754804991 -0.1769666657826882 0.8437352281849251 -0.3177755662052901 1.0241581396248733 1.5643168798181442 0.5548483527044259 0.7500000000000000 0.7077525512862299 1.0000000000000000 
0.7322474487139000 -0.2931880907880122 -0.1742256739266788 0.8358932506687249 -0.3225069030908527 1.0624190872473736 1.5596487438450355 0.5427051598807128 0.7500000000000000 0.7322474487140683 1.0000000000000000 
0.7500000000000000 -0.2962633960939416 -0.1722375808900633 0.8301378459376959 -0.3258897389611927 1.0900760093157653 1.5561617811698387 0.5338744498437543 0.7500000000000000 0.7500000000001573 1.0000000000000000 
0.7577525512861000 -0.2975953076543220 -0.1713686806333887 0.8276056851987689 -0.3273548416922574 1.1021342404782604 1.5546123287022708 0.5300103775444468 0.7500000000000000 0.7577525512862403 1.0000000000000000 
0.7822474487139001 -0.3017593096085026 -0.1686193303813428 0.8195309122952826 -0.3319352438876454 1.1401533916665825 1.5496127211270974 0.5177716026867800 0.7500000000000000 0.7822474487140786 1.0000000000000000 
0.8000000000000000 -0.3047350083299366 -0.1666217847302801 0.8136091027883451 -0.3352085125139451 1.1676300742455068 1.5458931099014424 0.5088740944584086 0.7500000000000000 0.8000000000001676 1.0000000000000000 
0.8077525512861000 -0.3060233637152255 -0.1657478204897279 0.8110048835511054 -0.3366257034519303 1.1796083102739399 1.5442440766212473 0.5049815198358799 0.7500000000000000 0.8077525512862506 1.0000000000000000 
0.8322474487139001 -0.3100494521351710 -0.1629785691905705 0.8027048786044901 -0.3410544007581432 1.2173697128264924 1.5389379571114084 0.4926554264693191 0.7500000000000000 0.8322474487140890 1.0000000000000000 
0.8500000000000000 -0.3129248554929888 -0.1609627437910190 0.7966221596023410 -0.3442173444833621 1.2446549786128260 1.5350039725122668 0.4836973041093521 0.7500000000000000 0.8500000000001779 1.0000000000000000 
0.8577525512861000 -0.3141693040875597 -0.1600797401884140 0.7939482861872001 -0.3455862379510746 1.2565484403903187 1.5332633846044907 0.4797789820996405 0.7500000000000000 0.8577525512862609 1.0000000000000000 
0.8822474487139002 -0.3180561641075005 -0.1572775499717049 0.7854306676127695 -0.3498617840157514 1.2940374048127974 1.5276762792737071 0.4673745035052689 0.7500000000000000 0.8822474487140992 1.0000000000000000 
0.9000000000000000 -0.3208301150644709 -0.1552335462743206 0.7791925849105382 -0.3529131300989225 1.3211209998992044 1.5235465653324261 0.4583624698460673 0.7500000000000000 0.9000000000001882 1.0000000000000000 
0.9077525512861000 -0.3220300958137738 -0.1543370630643224 0.7764514866023231 -0.3542331089363512 1.3329253135479304 1.5217225988525849 0.4544213907885493 0.7500000000000000 0.9077525512862712 1.0000000000000000 
0.9322474487139002 -0.3257757240959246 -0.1514874385766783 0.7677239637320028 -0.3583533000879058 1.3701284379455883 1.5158804616629475 0.4419482396360782 0.7500000000000000 0.9322474487141095 1.0000000000000000 
0.9500000000000000 -0.3284465444361267 -0.1494043118220656 0.7613361408545367 -0.3612912024914978 1.3970010477129480 1.5115739281893612 0.4328895964184100 0.7500000000000000 0.9500000000001984 1.0000000000000000 
0.9577525512861000 -0.3296012628738980 -0.1484894543863096 0.7585302841107807 -0.3625613927857441 1.4087122509562688 1.5096748633270953 0.4289290212368826 0.7500000000000000 0.9577525512862815 1.0000000000000000 
0.9822474487139001 -0.3332028955395908 -0.1455764741227592 0.7496006970481374 -0.3665231887576114 1.4456174387779412 1.5036039285688751 0.4163978015085467 0.7500000000000000 0.9822474487141196 1.0000000000000000 
1.0000000000000000 -0.3357683341014436 -0.1434422545396528 0.7430688653432752 -0.3693451712038605 1.4722706984671081 1.4991396412670390 0.4073005312418316 0.7500000000000000 1.0000000000002087 1.0000000000000000 
1.0077525512861001 -0.3368767398593796 -0.1425036828076311 0.7402007672523853 -0.3705644175497786 1.4838852446297792 1.4971738135485331 0.4033240273930056 0.7500000000000000 1.0077525512862917 1.0000000000000000 
1.0322474487139002 -0.3403307818712046 -0.1395100262129094 0.7310771306505681 -0.3743638638007684 1.5204817147899157 1.4909004383089719 0.3907463487793635 0.7500000000000000 1.0322474487141300 1.0000000000000000 
1.0500000000000000 -0.3427879637747208 -0.1373117378880381 0.7244071622017216 -0.3770667639216567 1.5469082143931530 1.4862975013307684 0.3816191984270008 0.7500000000000000 1.0500000000002190 1.0000000000000000 
1.0577525512860999 -0.3438487285145065 -0.1363436744444649 0.7214794051663099 -0.3782336051470855 1.5584229738784039 1.4842732494424487 0.3776306766518034 0.7500000000000000 1.0577525512863020 1.0000000000000000 
1.0822474487139002 -0.3471506843592495 -0.1332506472899571 0.7121699558538067 -0.3818657566126128 1.5947012627320865 1.4778237451164904 0.3650192714945573 0.7500000000000000 1.0822474487141402 1.0000000000000000 
1.1000000000000001 -0.3494960611579987 -0.1309743266243749 0.7053678991595196 -0.3844456711170279 1.6208945458097916 1.4731011754296233 0.3558718380015208 0.7500000000000000 1.1000000000002292 1.0000000000000000 
1.1077525512861000 -0.3505075569061413 -0.1299705648649474 0.7023831467824083 -0.3855583164511076 1.6323068048777039 1.4710267854100978 0.3518755898762669 0.7500000000000000 1.1077525512863122 1.0000000000000000 
1.1322474487139003 -0.3536519625616252 -0.1267581257262271 0.6928963951661840 -0.3890171627067173 1.6682587594817431 1.4644272375411451 0.3392444326045588 0.7500000000000000 1.1322474487141505 1.0000000000000000 
1.1499999999999999 -0.3558812633513644 -0.1243888416207880 0.6859685135354180 -0.3914693935999449 1.6942133154836490 1.4596038306896244 0.3300872501840537 0.7500000000000000 1.1500000000002395 1.0000000000000000 
1.1577525512861000 -0.3568415412628562 -0.1233427549168343 0.6829295276856648 -0.3925256993131456 1.7055207721448618 1.4574874763333832 0.3260879864228086 0.7500000000000000 1.1577525512863227 1.0000000000000000 
1.1822474487139001 -0.3598218975807776 -0.1199895458840955 0.6732743128581528 -0.3958040912956325 1.7411395342105158 1.4507635524127478 0.3134524152773752 0.7500000000000000 1.1822474487141608 1.0000000000000000 
1.2000000000000000 -0.3619300812093442 -0.1175114240152089 0.6662271254652534 -0.3981230933102384 1.7668507838661394 1.4458577395297796 0.3042970442559093 0.7500000000000000 1.2000000000002498 1.0000000000000000 
1.2077525512861000 -0.3628368508365778 -0.1164159769418426 0.6631367844987544 -0.3991205399101667 1.7780515407002631 1.4437074189788026 0.3002999336621766 0.7500000000000000 1.2077525512863327 1.0000000000000000 
1.2322474487139001 -0.3656455586374177 -0.1128993619871557 0.6533223329634630 -0.4022101185219764 1.8133315206354998 1.4368841642912102 0.2876767743260453 0.7500000000000000 1.2322474487141710 1.0000000000000000 
1.2500000000000000 -0.3676267672837327 -0.1102956157389774 0.6461626584954540 -0.4043894480547093 1.8387957939805060 1.4319138605957320 0.2785358912117212 0.7500000000000000 1.2500000000002602 1.0000000000000000 
1.2577525512861001 -0.3684773764820452 -0.1091433785089966 0.6430239765989822 -0.4053251181822067 1.8498883476915613 1.4297373292679119 0.2745466001169370 0.7500000000000000 1.2577525512863432 1.0000000000000000 
1.2822474487139002 -0.3711056738361522 -0.1054394932023355 0.6330599645083629 -0.4082162453006265 1.8848251881493210 1.4228389514599034 0.2619542906722106 0.7500000000000000 1.2822474487141813 1.0000000000000000 
1.3000000000000000 -0.3729531883592043 -0.1026924640061463 0.6257949673188767 -0.4102485112963000 1.9100396947773455 1.4178213969379387 0.2528417789596725 0.7500000000000000 1.3000000000002703 1.0000000000000000 
1.3077525512860999 -0.3737446040195304 -0.1014756313296092 0.6226111149375853 -0.4111190685313615 1.9210229223112305 1.4156260971579919 0.2488665109180549 0.7500000000000000 1.3077525512863530 1.0000000000000000 
1.3322474487139002 -0.3761825063790594 -0.0975594478277949 0.6125077337055400 -0.4138007611536518 1.9556134507116703 1.4086757409383808 0.2363252273264806 0.7500000000000000 1.3322474487141911 1.0000000000000000 
1.3500000000000001 -0.3778887039792785 -0.0946506578132081 0.6051449723637853 -0.4156775785326550 1.9805762418901673 1.4036273344870756 0.2272562683845068 0.7500000000000000 1.3500000000002801 1.0000000000000000 
1.3577525512861000 -0.3786174938410339 -0.0933610734655376 0.6019192976600156 -0.4164792473886000 1.9914493829638327 1.4014203224498381 0.2233018038189817 0.7500000000000000 1.3577525512863631 1.0000000000000000 
1.3822474487139003 -0.3808537378883857 -0.0892064848777352 0.5916873227693857 -0.4189391158652778 2.0256915525504713 1.3944398367164614 0.2108335848810000 0.7500000000000000 1.3822474487142009 1.0000000000000000 
1.3999999999999999 -0.3824100527720022 -0.0861167048498760 0.5842348008586672 -0.4206510622543700 2.0504014749198083 1.3893759657185498 0.2018247480866649 0.7500000000000000 1.4000000000002899 1.0000000000000000 
1.4077525512860998 -0.3830723686346052 -0.0847458932730963 0.5809708521341983 -0.4213796097105164 2.0611641108509664 1.3871638367287067 0.1978984834995931 0.7500000000000000 1.4077525512863729 1.0000000000000000 
1.4322474487139001 -0.3850943609211838 -0.0803258216115717 0.5706217149062591 -0.4236038012479876 2.0950569299807924 1.3801735374602848 0.1855273539850753 0.7500000000000000 1.4322474487142112 1.0000000000000000 
1.4500000000000000 -0.3864912488103674 -0.0770351574162407 0.5630879338844142 -0.4251403779414505 2.1195135706738775 1.3751084055631766 0.1765966850740468 0.7500000000000000 1.4500000000003004 1.0000000000000000 
1.4577525512860998 -0.3870828115284915 -0.0755743636906544 0.5597894828789451 -0.4257910969378921 2.1301655994561854 1.3728972188606794 0.1727066713504536 0.7500000000000000 1.4577525512863834 1.0000000000000000 
1.4822474487139001 -0.3888765831886229 -0.0708608956196702 0.5493353449070731 -0.4277642457837619 2.1637090490202135 1.3659156523181335 0.1604587617184502 0.7500000000000000 1.4822474487142216 1.0000000000000000 
1.5000000000000000 -0.3901034906728251 -0.0673488959241872 0.5417293587906247 -0.4291138440298760 2.1879126722012279 1.3608621091139717 0.1516258681177996 0.7500000000000000 1.5000000000003106 1.0000000000000000 
1.5077525512860999 -0.3906195773868782 -0.0657891354220932 0.5384004247462679 -0.4296815394210095 2.1984542798455249 1.3586573140096341 0.1477808473593897 0.7500000000000000 1.5077525512863934 1.0000000000000000 
1.5322474487139002 -0.3921697464198143 -0.0607536898902482 0.5278542546195290 -0.4313867253742856 2.2316492189768984 1.3517010261521276 0.1356845081997146 0.7500000000000000 1.5322474487142315 1.0000000000000000 
1.5500000000000000 -0.3932150862921135 -0.0569994782676056 0.5201857261944975 -0.4325365992453098 2.2556006940078781 1.3466704034862702 0.1269706399023840 0.7500000000000000 1.5500000000003202 1.0000000000000000 
1.5577525512860999 -0.3936505204093744 -0.0553315972259884 0.5168306005494577 -0.4330155767790851 2.2660323222676397 1.3444767689936308 0.1231800801400833 0.7500000000000000 1.5577525512864032 1.0000000000000000 
1.5822474487139002 -0.3949402632199942 -0.0499451287735519 0.5062062524042462 -0.4344342938849495 2.2988803828266384 1.3375600885158021 0.1112659891842521 0.7500000000000000 1.5822474487142415 1.0000000000000000 
1.6000000000000001 -0.3957913970804365 -0.0459275627059194 0.4984855105997893 -0.4353705411407954 2.3225811045347999 1.3325620492769761 0.1026941135193528 0.7500000000000000 1.6000000000003303 1.0000000000000000 
1.6077525512861002 -0.3961405415810254 -0.0441423108199679 0.4951087821444033 -0.4357546000952826 2.3329034152556516 1.3303835999272804 0.0989682405633779 0.7500000000000000 1.6077525512864133 1.0000000000000000 
1.6322474487139003 -0.3971515756479419 -0.0383755518562330 0.4844210754842733 -0.4368667375800086 2.3654068859912574 1.3235184439390204 0.0872694998363314 0.7500000000000000 1.6322474487142511 1.0000000000000000 
1.6499999999999999 -0.3977948051766371 -0.0340734108439645 0.4766591734713947 -0.4375742900686466 2.3888586878323279 1.3185608503814898 0.0788643682947576 0.7500000000000000 1.6500000000003401 1.0000000000000000 
1.6577525512861002 -0.3980515598687309 -0.0321615267760900 0.4732657537667007 -0.4378567202327731 2.3990725243129210 1.3164008114372334 0.0752141938979698 0.7500000000000000 1.6577525512864228 1.0000000000000000 
1.6822474487139001 -0.3987641395559345 -0.0259852713856830 0.4625305538835249 -0.4386405578965329 2.4312342260936788 1.3095965244952383 0.0637664143275904 0.7500000000000000 1.6822474487142609 1.0000000000000000 
1.7000000000000000 -0.3991847079534361 -0.0213774757336217 0.4547393273811954 -0.4391031831384095 2.4544392873897838 1.3046853343776346 0.0555546194277593 0.7500000000000000 1.7000000000003499 1.0000000000000000 
1.7077525512861000 -0.3993425113399798 -0.0193297861421647 0.4513344762047519 -0.4392767668653429 2.4645456333156055 1.3025460902003663 0.0519919648647720 0.7500000000000000 1.7077525512864329 1.0000000000000000 
1.7322474487139001 -0.3997354389720563 -0.0127152169695010 0.4405687744203679 -0.4397089872649479 2.4963687874006633 1.2958093291054216 0.0408333354483116 0.7500000000000000 1.7322474487142712 1.0000000000000000 
1.7500000000000000 -0.3999175441235013 -0.0077810780004441 0.4327608996072261 -0.4399093029335399 2.5193295362763481 1.2909485291565792 0.0328433554837249 0.7500000000000000 1.7500000000003599 1.0000000000000000 
1.7577525512861001 -0.3999809496819502 -0.0055978715204912 0.4293499832471103 -0.4399790490485310 2.5293054526122973 1.2888444267273258 0.0293690335651601 0.7500000000000000 1.7577525512864431 1.0000000000000000 
1.7822474487139002 -0.4000000000000000 0.0015087199013284 0.4185724351584160 -0.4400000153963572 2.5608598222111847 1.2821436261050629 0.0185724251604507 0.7500000000000000 1.7822474487142812 1.0000000000000000 
1.8000000000000000 -0.4000000000000000 -0.0028391269127930 0.4107612934274401 -0.4400000153675580 2.5834230262486781 1.2569793692857298 0.0107612834556559 0.7404322387326702 1.8000000000003700 1.0000000000000000 
1.8077525512861001 -0.3999387658718191 0.0090744073019209 0.4073504222049838 -0.4399326468569228 2.5933181616136785 1.2753247934932577 0.0074116563331646 0.7500000000000000 1.8077525512864530 1.0000000000000000 
1.8322474487139002 -0.3996242405260234 0.0166482256288475 0.3965781323073421 -0.4395866689730890 2.6244762941440185 1.2687319575242810 -0.0030461082186813 0.7500000000000000 1.8322474487142915 1.0000000000000000 
1.8500000000000001 -0.3992787744808864 0.0222938590620914 0.3887775598034337 -0.4392066563196393 2.6469572797385079 1.2639758951175073 -0.0105012146774527 0.7500000000000000 1.8500000000003802 1.0000000000000000 
1.8577525512861002 -0.3990962347842970 0.0248012479849434 0.3853733555909264 -0.4390058626513837 2.6567482863857936 1.2619046781305756 -0.0137228791933706 0.7500000000000000 1.8577525512864630 1.0000000000000000 
1.8822474487139003 -0.3983901544632972 0.0328936640320824 0.3746290134963354 -0.4382291742905194 2.6875785706516533 1.2553831179777040 -0.0237611409669618 0.7500000000000000 1.8822474487143008 1.0000000000000000 
1.8999999999999999 -0.3977528984879241 0.0389224581395939 0.3668553780371238 -0.4375281927106014 2.7098230314736895 1.2506777515727519 -0.0308975204508002 0.7500000000000000 1.9000000000003898 1.0000000000000000 
1.9077525512861002 -0.3974407899177548 0.0415990395033363 0.3634647378721381 -0.4371848732799832 2.7195110280804871 1.2486283586952642 -0.0339760520456167 0.7500000000000000 1.9077525512864728 1.0000000000000000 
1.9322474487139001 -0.3963166355195285 0.0502332264489168 0.3527706030674171 -0.4359483034295725 2.7500169417930143 1.2421742596042817 -0.0435460324521113 0.7500000000000000 1.9322474487143111 1.0000000000000000 
1.9500000000000000 -0.3953680227939980 0.0566612230074339 0.3450404875095186 -0.4349048294210575 2.7720273332636940 1.2375161613811392 -0.0503275352844794 0.7500000000000000 1.9500000000004003 1.0000000000000000 
1.9577525512861000 -0.3949177123762654 0.0595137899148155 0.3416707735290341 -0.4344094879565998 2.7816133721493235 1.2354869315787533 -0.0532469388472314 0.7500000000000000 1.9577525512864833 1.0000000000000000 
1.9822474487139001 -0.3933478693273768 0.0687103071897568 0.3310505947760194 -0.4326826605855595 2.8117981494778945 1.2290944376156705 -0.0622972745513573 0.7500000000000000 1.9822474487143213 1.0000000000000000 
2.0000000000000000 -0.3920675807028330 0.0755514943077003 0.3233816793107923 -0.4312743430844828 2.8335767206400679 1.2244788380657778 -0.0686859013920407 0.7500000000000000 2.0000000000004099 1.0000000000000000 
2.0077525512861003 -0.3914701185917273 0.0785859007416676 0.3200407373945798 -0.4306171347556964 2.8430617567600347 1.2224675647763541 -0.0714293811971474 0.7500000000000000 2.0077525512864933 1.0000000000000000 
2.0322474487139002 -0.3894260205789986 0.0883621710396063 0.3095198091483303 -0.4283686269192170 2.8729282980213711 1.2161292746668113 -0.0799062114306683 0.7500000000000000 2.0322474487143309 1.0000000000000000 
2.0499999999999998 -0.3877930967687707 0.0956281025515665 0.3019309096819590 -0.4265724107100099 2.8944770341619912 1.2115504703238733 -0.0858621870868117 0.7500000000000000 2.0500000000004195 1.0000000000000000 
2.0577525512861001 -0.3870392673593094 0.0988490971408987 0.2986270855130705 -0.4257431983513130 2.9038619023957306 1.2095545927186673 -0.0884121818462389 0.7500000000000000 2.0577525512865025 1.0000000000000000 
2.0822474487139000 -0.3844915662909836 0.1092188827107674 0.2882322957136930 -0.4229407271481389 2.9334127125402469 1.2032622186069866 -0.0962592705772906 0.7500000000000000 2.0822474487143405 1.0000000000000000 
2.1000000000000001 -0.3824845390354365 0.1169183017462175 0.2807433955540314 -0.4207329971449668 2.9547333012262524 1.1987141027234116 -0.1017411434814050 0.7500000000000000 2.1000000000004291 1.0000000000000000 
2.1077525512861000 -0.3815649203313513 0.1203293646617893 0.2774855476403625 -0.4197214165603604 2.9640187045809316 1.1967309518937443 -0.1040793726909888 0.7500000000000000 2.1077525512865121 1.0000000000000000 
2.1322474487139003 -0.3784836821718086 0.1313022589682258 0.2672454154419368 -0.4163320545509807 2.9932558690135358 1.1904761563167172 -0.1112382667298717 0.7500000000000000 2.1322474487143497 1.0000000000000000 
2.1499999999999999 -0.3760807238652789 0.1394407380949812 0.2598776892597847 -0.4136888003873739 3.0143496959557945 1.1859528828759887 -0.1162030346054942 0.7500000000000000 2.1500000000004387 1.0000000000000000 
2.1577525512861002 -0.3749857548086470 0.1430439266789933 0.2566751984694585 -0.4124843344130380 3.0235362075441015 1.1839799872813310 -0.1183105563391885 0.7500000000000000 2.1577525512865212 1.0000000000000000 
2.1822474487139001 -0.3713406800670338 0.1546248798229922 0.2466199005123370 -0.4084747521571805 3.0524614145221816 1.1777554111471460 -0.1247207795546968 0.7500000000000000 2.1822474487143593 1.0000000000000000 
2.2000000000000002 -0.3685197706753456 0.1632044916952599 0.2393957295907577 -0.4053717517953034 3.0733295961525040 1.1732522005402966 -0.1291240410845879 0.7500000000000000 2.2000000000004483 1.0000000000000000 
2.2077525512861000 -0.3672398258480543 0.1670003010510960 0.2362585047782281 -0.4039638124712081 3.0824176779960082 1.1712876540934991 -0.1309813210698262 0.7500000000000000 2.2077525512865308 1.0000000000000000 
2.2322474487139004 -0.3630004925344908 0.1791891991142522 0.2264198887042458 -0.3993005457796705 3.1110322974078377 1.1650881451722552 -0.1365806038302451 0.7500000000000000 2.2322474487143689 1.0000000000000000 
2.2500000000000000 -0.3597396019060432 0.1882082326172904 0.2193628665736765 -0.3957135660525197 3.1316757574077649 1.1606022372600759 -0.1403767353323667 0.7500000000000000 2.2500000000004579 1.0000000000000000 
2.2577525512861003 -0.3582650726907951 0.1921954777902449 0.2163013459146664 -0.3940915838995321 3.1406657992571034 1.1586451322413365 -0.1419637267761287 0.7500000000000000 2.2577525512865408 1.0000000000000000 
2.2822474487139002 -0.3534011985173115 0.2049867972437923 0.2067129299733199 -0.3887413222552147 3.1689710279627192 1.1524691797138829 -0.1466882685439916 0.7500000000000000 2.2822474487143789 1.0000000000000000 
2.2999999999999998 -0.3496784814276362 0.2144395345271509 0.1998478576554507 -0.3846463334156351 3.1893906251947999 1.1480009369355075 -0.1498306237721855 0.7500000000000000 2.3000000000004679 1.0000000000000000 
2.3077525512861001 -0.3479998623812022 0.2186152610047983 0.1968730053682109 -0.3827998524460987 3.1982830066333614 1.1460518625762031 -0.1511268570129913 0.7500000000000000 2.3077525512865509 1.0000000000000000 
2.3322474487139000 -0.3424815819245343 0.2319978192406460 0.1875699631682870 -0.3767297438830823 3.2262800907176601 1.1399032387365295 -0.1549116187562473 0.7500000000000000 2.3322474487143889 1.0000000000000000 
2.3500000000000001 -0.3382755824313976 0.2418743885579713 0.1809228334190831 -0.3721031443943808 3.2464768060615925 1.1354573985265453 -0.1573527490123146 0.7500000000000000 2.3500000000004779 1.0000000000000000 
2.3577525512861000 -0.3363835612929085 0.2462338175418239 0.1780461316272007 -0.3700219211212372 3.2552719851630187 1.1335190046955554 -0.1583374296657078 0.7500000000000000 2.3577525512865605 1.0000000000000000 
2.3822474487139003 -0.3301817128123227 0.2601906391709720 0.1690652613523541 -0.3631998877243942 3.2829625293895131 1.1274086102144945 -0.1611164514599686 0.7500000000000000 2.3822474487143990 1.0000000000000000 
2.3999999999999999 -0.3254715737841077 0.2704769568048623 0.1626632315028765 -0.3580187347415628 3.3029377188654667 1.1229956822066838 -0.1628083422812313 0.7500000000000000 2.4000000000004880 1.0000000000000000 
2.4077525512861002 -0.3233571232396994 0.2750134710461061 0.1598966670900956 -0.3556928391194621 3.3116363506004398 1.1210733064483198 -0.1634604561496038 0.7500000000000000 2.4077525512865705 1.0000000000000000 
2.4322474487139001 -0.3164435389251903 0.2895217865791538 0.1512763448145649 -0.3480878962974769 3.3390227250660383 1.1150212108713666 -0.1651671941106254 0.7500000000000000 2.4322474487144081 1.0000000000000000 
2.4500000000000002 -0.3112092120066637 0.3001995969175066 0.1451476980532167 -0.3423301366295384 3.3587784463108838 1.1106590074039342 -0.1660615139534470 0.7499999966575274 2.4500000000004967 1.0000000000000000 
2.4577525512861000 -0.3088641666953424 0.3049043069707199 0.1425037332836102 -0.3397505867612978 3.3673803675377667 1.1087618496998934 -0.1663604334117323 0.7500000000000000 2.4577525512865797 1.0000000000000000 
2.4822474487139004 -0.3012106349885489 0.3199369747913001 0.1342838695965967 -0.3313317017996630 3.3944694360790124 1.1027981959224047 -0.1669267653919522 0.7500000000000000 2.4822474487144173 1.0000000000000000 
2.5000000000000000 -0.2954361485495482 0.3305807038237824 0.1284579567876169 -0.3249797666532632 3.4140013074395137 1.0975267978516314 -0.1669781917619313 0.7495996853136159 2.5000000000005058 1.0000000000000000 
2.5077525512861003 -0.2928793821955432 0.3290076726604918 0.1259494438791485 -0.3221673236357421 3.4224414994656747 1.0798934032774434 -0.1669299383163947 0.7431904762399215 2.5077525512865888 1.0000000000000000 
2.5322474487139002 -0.2848818974567666 0.3239701634678525 0.1181660109527457 -0.3133700903351436 3.4482216554304634 1.0253498375045547 -0.1667158865040208 0.7230402072163441 2.5322474487144269 1.0000000000000000 
2.5499999999999998 -0.2791634093924622 0.3202665355355869 0.1126588333092724 -0.3070797534015255 3.4660820038694911 0.9869533704900743 -0.1665045760831898 0.7085456326936261 2.5500000000005159 1.0000000000000000 
2.5577525512861001 -0.2766868145992564 0.3186413192457695 0.1102887498158078 -0.3043554991017652 3.4736695085926463 0.9704969009345021 -0.1663980647834486 0.7022513736163312 2.5577525512865984 1.0000000000000000 
2.5822474487139000 -0.2689451031427176 0.3134554274373706 0.1029381776728928 -0.2958396164144410 3.4968157677286267 0.9196890697555558 -0.1660069254698248 0.6824888937491327 2.5822474487144365 1.0000000000000000 
2.6000000000000001 -0.2634141554035957 0.3096544284607581 0.0977403825088132 -0.2897555738405859 3.5128243859252035 0.8839982025981049 -0.1656737728947825 0.6682925229069748 2.6000000000005259 1.0000000000000000 
2.6077525512861000 -0.2610199951497866 0.3079879162368925 0.0955042545361543 -0.2871219975350685 3.5196182753157230 0.8687179062020253 -0.1655157406136323 0.6621313861982135 2.6077525512866084 1.0000000000000000 
2.6322474487138998 -0.2535407174443376 0.3026837702851931 0.0885722858464014 -0.2788947919768288 3.5403169522933395 0.8216200003639826 -0.1649684315979362 0.6428077340161683 2.6322474487144465 1.0000000000000000 
2.6499999999999999 -0.2482016813890640 0.2988066893025024 0.0836734330843755 -0.2730218522573172 3.5546083511085262 0.7886035660469235 -0.1645282483046885 0.6289440833912239 2.6500000000005359 1.0000000000000000 
2.6577525512861002 -0.2458917424416013 0.2971087300965884 0.0815666753989945 -0.2704809193897070 3.5606671868307096 0.7744845037755280 -0.1643250670426068 0.6229312000442170 2.6577525512866189 1.0000000000000000 
2.6822474487139001 -0.2386800690053990 0.2917156296398202 0.0750387275546391 -0.2625480785305814 3.5791023829420725 0.7310344304797060 -0.1636413414507599 0.6040904639294129 2.6822474487144561 1.0000000000000000 
2.7000000000000002 -0.2335362469676547 0.2877833429701151 0.0704281663464017 -0.2568898742324987 3.5918089364048575 0.7006372435328615 -0.1631080806212530 0.5905893869300396 2.7000000000005446 1.0000000000000000 
2.7077525512861000 -0.2313118543555683 0.2860632369340662 0.0684461081886624 -0.2544430423347432 3.5971902087920400 0.6876535073670959 -0.1628657461669059 0.5847375335745214 2.7077525512866276 1.0000000000000000 
2.7322474487138999 -0.2243715068599114 0.2806097788052834 0.0623073541483675 -0.2468086600132012 3.6135421430565837 0.6477589224745922 -0.1620641527115440 0.5664175833179229 2.7322474487144661 1.0000000000000000 
2.7500000000000000 -0.2194251637049123 0.2766424717729562 0.0579742807542723 -0.2413676824883097 3.6247929619985957 0.6199052316268541 -0.1614508829506401 0.5533044244764579 2.7500000000005551 1.0000000000000000 
2.7577525512861003 -0.2172871938565715 0.2749091182279508 0.0561121909298505 -0.2390159156316247 3.6295526225934029 0.6080220979926220 -0.1611750029267210 0.5476243573424269 2.7577525512866381 1.0000000000000000 
2.7822474487138997 -0.2106204943943684 0.2694228384637130 0.0503476376439827 -0.2316825461498910 3.6439962266733534 0.5715650756757538 -0.1602728567503857 0.5298570718509400 2.7822474487144757 1.0000000000000000 
2.7999999999999998 -0.2058728958752436 0.2654400290753026 0.0462811514124846 -0.2264601877266468 3.6539162167250971 0.5461624316502468 -0.1595917444627590 0.5171531079480028 2.8000000000005647 1.0000000000000000 
2.8077525512861001 -0.2038217927787887 0.2637019417045168 0.0445342625059843 -0.2242039742979914 3.6581082893375911 0.5353380633342663 -0.1592875302728043 0.5116537571182292 2.8077525512866477 1.0000000000000000 
2.8322474487139000 -0.1974297174680957 0.2582091798030139 0.0391288264831922 -0.2171726913859387 3.6708120569284843 0.5021799111373234 -0.1583008909849035 0.4944654460116954 2.8322474487144853 1.0000000000000000 
2.8500000000000001 -0.1928811706479923 0.2542296708589027 0.0353179836973344 -0.2121692898338070 3.6795211574086828 0.4791225635825177 -0.1575631869506579 0.4821882329525247 2.8500000000005739 1.0000000000000000 
2.8577525512861000 -0.1909169640364908 0.2524949614049994 0.0336815153321281 -0.2100086625395560 3.6831974241099799 0.4693095056624741 -0.1572354487043627 0.4768768560785703 2.8577525512866568 1.0000000000000000 
2.8822474487138998 -0.1847991987703759 0.2470208875454555 0.0286200951528953 -0.2032791206795556 3.6943224978628000 0.4392954491135402 -0.1561791036174806 0.4602888106253774 2.8822474487144949 1.0000000000000000 
2.8999999999999999 -0.1804490938174275 0.2430626056419039 0.0250539606299988 -0.1984940051834765 3.7019350867337173 0.4184672403156914 -0.1553951331874287 0.4484523920229325 2.9000000000005834 1.0000000000000000 
2.9077525512861002 -0.1785714182113679 0.2413389780070656 0.0235231417403620 -0.1964285619961632 3.7051448442759103 0.4096137901019263 -0.1550482764710059 0.4433347275721465 2.9077525512866664 1.0000000000000000 
2.9322474487139001 -0.1727264190282659 0.2359075549986264 0.0187906873661330 -0.1899990628304764 3.7148443138175873 0.3825770724973237 -0.1539357316621329 0.4273636734335292 2.9322474487145040 1.0000000000000000 
2.9500000000000002 -0.1685732741347111 0.2319874646026792 0.0154583836597520 -0.1854306034018962 3.7214687595143263 0.3638541907249023 -0.1531148904749591 0.4159788398535608 2.9500000000005930 1.0000000000000000 
2.9577525512861000 -0.1667813886935377 0.2302822090278923 0.0140284737018981 -0.1834595293969010 3.7242586392273687 0.3559056207299139 -0.1527529149916395 0.4110592491671866 2.9577525512866760 1.0000000000000000 
2.9822474487138999 -0.1612064463275603 0.2249161025852380 0.0096100523548392 -0.1773270927330211 3.7326770300126437 0.3316710834960628 -0.1515963939727211 0.3957177133515696 2.9822474487145136 1.0000000000000000 
3.0000000000000000 -0.1572479553234158 0.2210501952526908 0.0065008064045945 -0.1729727525849326 3.7384153755541840 0.3149246328640414 -0.1507471489188213 0.3847923116060152 3.0000000000006026 1.0000000000000000 
3.0077525512861003 -0.1555407645981824 0.2193701804015953 0.0051671154375409 -0.1710948427684028 3.7408292196685058 0.3078242681407907 -0.1503736491606415 0.3800739076416988 3.0077525512866852 1.0000000000000000 
3.0322474487138997 -0.1502320712612048 0.2140906984406894 0.0010479738680358 -0.1652552800393504 3.7481021544997217 0.2862115606829053 -0.1491840973931690 0.3653705785776736 3.0322474487145228 1.0000000000000000 
3.0499999999999998 -0.1464651526111748 0.2102939820614258 -0.0018488390035302 -0.1611116694828945 3.7530499205555610 0.2713098112607703 -0.1483139916147050 0.3549097950210566 3.0500000000006113 1.0000000000000000 
3.0577525512861001 -0.1448412279966673 0.2086456470561750 -0.0030909314052194 -0.1593253523890789 3.7551287085344769 0.2649999710720056 -0.1479321594018867 0.3503945598552499 3.0577525512866943 1.0000000000000000 
3.0822474487139000 -0.1397939455608893 0.2034727144650736 -0.0069253083682856 -0.1537733416542207 3.7613827216435367 0.2458264002855475 -0.1467192539291749 0.3363346471545873 3.0822474487145324 1.0000000000000000 
3.1000000000000001 -0.1362147921715158 0.1997591943837295 -0.0096201231742154 -0.1498362728865517 3.7656288141374268 0.2326367255488644 -0.1458349153457312 0.3263412571420036 3.1000000000006214 1.0000000000000000 
3.1077525512861000 -0.1346723937688235 0.1981485428288639 -0.0107751501986565 -0.1481396346266292 3.7674106329175743 0.2270595394571019 -0.1454475439674799 0.3220301504140360 3.1077525512867044 1.0000000000000000 
3.1322474487138998 -0.1298807229777741 0.1931006917254440 -0.0143389848804590 -0.1428687967037833 3.7727631166494247 0.2101425414934048 -0.1442197078582330 0.3086157255035264 3.1322474487145424 1.0000000000000000 
3.1499999999999999 -0.1264848525394907 0.1894833604221123 -0.0168420084444892 -0.1391333391843290 3.7763898247382675 0.1985330875967846 -0.1433268609839800 0.2990903266778120 3.1500000000006314 1.0000000000000000 
3.1577525512861002 -0.1250219511953398 0.1879159576720063 -0.0179143995272605 -0.1375241476896762 3.7779098769689776 0.1936311951817181 -0.1429363507226004 0.2949833865815798 3.1577525512867139 1.0000000000000000 
3.1822474487139001 -0.1204792013649424 0.1830103253388248 -0.0212215704620241 -0.1325271228262847 3.7824691425031194 0.1787904419360877 -0.1417007718269666 0.2822136978246421 3.1822474487145520 1.0000000000000000 
3.2000000000000002 -0.1172615068529349 0.1795011655568654 -0.0235427456700724 -0.1289876588276931 3.7855522138022737 0.1686315512624335 -0.1408042525230072 0.2731549332744899 3.2000000000006406 1.0000000000000000 
3.2077525512861000 -0.1158758061920494 0.1779821396448423 -0.0245368111919307 -0.1274633880854813 3.7868428584641700 0.1643486938898647 -0.1404126173839801 0.2692513710244746 3.2077525512867235 1.0000000000000000 
3.2322474487138999 -0.1115744647562803 0.1732344758537404 -0.0276008060088500 -0.1227319124588356 3.7907082933455505 0.1514078629992917 -0.1391752707651303 0.2571231366726890 3.2322474487145612 1.0000000000000000 
3.2500000000000000 -0.1085292646492985 0.1698444730994993 -0.0297497788324682 -0.1193821923076691 3.7933170742648903 0.1425732638467469 -0.1382790434817667 0.2485279051622180 3.2500000000006501 1.0000000000000000 
3.2577525512861003 -0.1072182229371972 0.1683785191597851 -0.0306696960256564 -0.1179400464099408 3.7944078944281969 0.1388547765736084 -0.1378879189628536 0.2448261933670182 3.2577525512867331 1.0000000000000000 
3.2822474487138997 -0.1031500242458147 0.1638032051501840 -0.0335035681413165 -0.1134650278046841 3.7976702008710341 0.1276430142774123 -0.1366535923871311 0.2333338764790502 3.2822474487145707 1.0000000000000000 
3.2999999999999998 -0.1002711120590910 0.1605423651812670 -0.0354896574057086 -0.1102982243676302 3.7998678308247253 0.1200107915520531 -0.1357607694647996 0.2251975267864547 3.3000000000006597 1.0000000000000000 
3.3077525512861001 -0.0990319637422415 0.1591337529275618 -0.0363394574545403 -0.1089351612054694 3.8007857237269613 0.1168040032861826 -0.1353714211967818 0.2216954819447050 3.3077525512867418 1.0000000000000000 
3.3322474487139000 -0.0951879566369592 0.1547438311483258 -0.0389557865180592 -0.1047067533473884 3.8035272228692723 0.1071571060170594 -0.1341437431550184 0.2108315484692028 3.3322474487145795 1.0000000000000000 
3.3500000000000001 -0.0924686494457438 0.1516212011911106 -0.0407879563679286 -0.1017155154071485 3.8053708720258430 0.1006104729660199 -0.1332566058136724 0.2031480581174248 3.3500000000006689 1.0000000000000000 
3.3577525512861000 -0.0912984262298066 0.1502737849592014 -0.0415715126812112 -0.1004282698567493 3.8061401570730409 0.0978650231389169 -0.1328699389110178 0.1998429174197108 3.3577525512867510 1.0000000000000000 
3.3822474487138998 -0.0876690400267166 0.1460809966128135 -0.0439823686944722 -0.0964359449934398 3.8084351456622416 0.0896263624165342 -0.1316514087211888 0.1895980766796405 3.3822474487145882 1.0000000000000000 
3.3999999999999999 -0.0851022257274094 0.1431046910238584 -0.0456692036953524 -0.0936124492359760 3.8099762868508469 0.0840542550123620 -0.1307714294227619 0.1823602173720280 3.4000000000006771 1.0000000000000000 
3.4077525512861002 -0.0839977770764087 0.1418219219158297 -0.0463902213217953 -0.0923975557077301 3.8106188275650812 0.0817223350708400 -0.1303879983982040 0.1792487100330117 3.4077525512867601 1.0000000000000000 
3.4322474487139001 -0.0805728856429029 0.1378367496689936 -0.0486071323379467 -0.0886301750932120 3.8125339749081264 0.0747435511782566 -0.1291800179808497 0.1696121371786575 3.4322474487145986 1.0000000000000000 
3.4500000000000002 -0.0781510687434973 0.1350139804000684 -0.0501568151377861 -0.0859661764772344 3.8138186812691508 0.0700410651890114 -0.1283078838812834 0.1628116288850476 3.4500000000006872 1.0000000000000000 
3.4577525512861000 -0.0771090817071335 0.1337989201124604 -0.0508188212902581 -0.0848199907257760 3.8143540176179989 0.0680775930979748 -0.1279279029973916 0.1598900422700952 3.4577525512867697 1.0000000000000000 
3.4822474487138999 -0.0738780653683236 0.1300306344217569 -0.0528527445777675 -0.0812658727175552 3.8159487919602419 0.0622190836304144 -0.1267308099460911 0.1508495832929549 3.4822474487146078 1.0000000000000000 
3.5000000000000000 -0.0715934111353728 0.1273677456121056 -0.0542730360428318 -0.0787527530361861 3.8170180528785957 0.0582877724988475 -0.1258664471782046 0.1444772378417612 3.5000000000006968 1.0000000000000000 
3.5077525512861003 -0.0706104294336091 0.1262230815631907 -0.0548793716929165 -0.0776714731534368 3.8174635408264521 0.0566505081869756 -0.1254898011265256 0.1417414786652032 3.5077525512867802 1.0000000000000000 
3.5322474487138997 -0.0675622344978437 0.1226797896087667 -0.0567406682394989 -0.0743184586905753 3.8187906555947024 0.0517817369090468 -0.1243029027373426 0.1332838390212541 3.5322474487146178 1.0000000000000000 
3.5499999999999998 -0.0654066113267590 0.1201822951869243 -0.0580388899701724 -0.0719472731786779 3.8196807043592753 0.0485297874646722 -0.1234455012969314 0.1273296935393897 3.5500000000007064 1.0000000000000000 
3.5577525512861001 -0.0644790536404893 0.1191103565767456 -0.0585927024710258 -0.0709269597135813 3.8200516598701624 0.0471793967829551 -0.1230717561115151 0.1247753443987617 3.5577525512867894 1.0000000000000000 
3.5822474487139000 -0.0616022493921182 0.1157990529622656 -0.0602911146919204 -0.0677624750087385 3.8211575314240491 0.0431790469037720 -0.1218933640840387 0.1168862623456165 3.5822474487146274 1.0000000000000000 
3.6000000000000001 -0.0595672693088665 0.1134716761241050 -0.0614741338178267 -0.0655239968947839 3.8219001789143165 0.0405213491599291 -0.1210414031266931 0.1113397027866215 3.6000000000007160 1.0000000000000000 
3.6077525512861000 -0.0586914467440682 0.1124744505750698 -0.0619783705109090 -0.0645605920638748 3.8222100240062238 0.0394214235030377 -0.1206698172549772 0.1089620742732717 3.6077525512867981 1.0000000000000000 
3.6322474487138998 -0.0559742798049907 0.1094010691885057 -0.0635230030192546 -0.0615717084010103 3.8231352336869220 0.0361774179944450 -0.1194972828242453 0.1016264801325457 3.6322474487146352 1.0000000000000000 
3.6499999999999999 -0.0540513370445556 0.1072477825669440 -0.0645972191691289 -0.0594564713433860 3.8237582031967645 0.0340355444055236 -0.1186485562136845 0.0964763549839971 3.6500000000007242 1.0000000000000000 
3.6577525512861002 -0.0532234697543939 0.1063269330151524 -0.0650546219288790 -0.0585458173151045 3.8240186119963626 0.0331525826959080 -0.1182780916832729 0.0942705335902445 3.6577525512868072 1.0000000000000000 
3.6822474487139001 -0.0506539157637953 0.1034963997076648 -0.0664539252220477 -0.0557193078971900 3.8247983663360472 0.0305619926612269 -0.1171078409858430 0.0874726962673271 3.6822474487146448 1.0000000000000000 
3.7000000000000002 -0.0488342234040064 0.1015204649832088 -0.0674252595617619 -0.0537176462814120 3.8253256254011485 0.0288641012902648 -0.1162594829657682 0.0827074203575942 3.7000000000007338 1.0000000000000000 
3.7077525512861000 -0.0480504563676526 0.1006773465268812 -0.0678383602315905 -0.0528555025328041 3.8255466684736752 0.0281674605575750 -0.1158888165992431 0.0806683123908560 3.7077525512868164 1.0000000000000000 
3.7322474487138999 -0.0456162689767813 0.0980936322326544 -0.0691001171460105 -0.0501778963760782 3.8262112524268370 0.0261363208643047 -0.1147163861227918 0.0743919743076434 3.7322474487146540 1.0000000000000000 
3.7500000000000000 -0.0438908936385833 0.0962976381533128 -0.0699740033779657 -0.0482799834850873 3.8266633382221773 0.0248169960591924 -0.1138648970165489 0.0699996227475350 3.7500000000007434 1.0000000000000000 
3.7577525512861003 -0.0431473116067767 0.0955333146095503 -0.0703451200510293 -0.0474620432419233 3.8268536237530046 0.0242788163684019 -0.1134924316578061 0.0681219944589074 3.7577525512868259 1.0000000000000000 
3.7822474487138997 -0.0408360688343115 0.0931994881070982 -0.0714764348391762 -0.0449196761667960 3.8274288427318055 0.0227218659487413 -0.1123125036734877 0.0623504954967781 3.7822474487146627 1.0000000000000000 
3.7999999999999998 -0.0391959634923393 0.0915853864769432 -0.0722578120579063 -0.0431155602725911 3.8278231782499570 0.0217219092527659 -0.1114537755502456 0.0583188882837422 3.8000000000007517 1.0000000000000000 
3.8077525512861001 -0.0384886051191827 0.0909006464403050 -0.0725890461569877 -0.0423374660543404 3.8279899889307991 0.0213170182487980 -0.1110776512761703 0.0565974024136135 3.8077525512868347 1.0000000000000000 
3.8322474487139000 -0.0362877531572128 0.0888189254806057 -0.0735963360437669 -0.0399165288719719 3.8284975962740151 0.0201573808838809 -0.1098840892009797 0.0513137928574539 3.8322474487146714 1.0000000000000000 
3.8500000000000001 -0.0347237881341971 0.0873880653163131 -0.0742896433458827 -0.0381961673294565 3.8288487950855106 0.0194235638270585 -0.1090134314800797 0.0476305712156144 3.8500000000007604 1.0000000000000000 
3.8577525512861000 -0.0340486593239417 0.0867834375436731 -0.0745828774582976 -0.0374535256307515 3.8289982198094155 0.0191293656806140 -0.1086315367822393 0.0460598201459502 3.8577525512868429 1.0000000000000000 
3.8822474487138998 -0.0319455539170179 0.0849552370021597 -0.0754718665396669 -0.0351401096600086 3.8294563270895821 0.0182981857767309 -0.1074174204566848 0.0412469624200957 3.8822474487146814 1.0000000000000000 
3.8999999999999999 -0.0304485461571616 0.0837083973014273 -0.0760810392908717 -0.0334934011077049 3.8297764850246954 0.0177829748862657 -0.1065295854480333 0.0378996581008012 3.9000000000007700 1.0000000000000000 
3.9077525512861002 -0.0298016326642371 0.0831841652675327 -0.0763379357164795 -0.0327817962583741 3.8299135447209252 0.0175793279550352 -0.1061395683807166 0.0364741937841737 3.9077525512868525 1.0000000000000000 
3.9322474487139001 -0.0277835782019593 0.0816101414488635 -0.0771136510702978 -0.0305619363276770 3.8303370129954577 0.0170153746238453 -0.1048972292722572 0.0321148531109537 3.9322474487146897 1.0000000000000000 
3.9500000000000002 -0.0263443189305191 0.0805475627295844 -0.0776421187376765 -0.0289787511132660 3.8306359855718735 0.0166766376520259 -0.1039864376681956 0.0290909515014456 3.9500000000007782 1.0000000000000000 
3.9577525512861000 -0.0257215982597371 0.0801037782146820 -0.0778641187105693 -0.0282937583685581 3.8307647527160391 0.0165457247209454 -0.1035857169703064 0.0278053123182153 3.9577525512868608 1.0000000000000000 
3.9822474487138999 -0.0237758847322728 0.0787838691380819 -0.0785308885977221 -0.0261534734669513 3.8311655634541628 0.0161949761867108 -0.1023067733299949 0.0238822370028694 3.9822474487146988 1.0000000000000000 
4.0000000000000000 -0.0223851656146168 0.0779052833873522 -0.0789815740614878 -0.0246236824222366 3.8314512283069067 0.0159956774098903 -0.1013667396761046 0.0211692342841745 4.0000000000007869 1.0000000000000000 
4.0077525512861003 -0.0217826182748828 0.0775417789808183 -0.0791698976086194 -0.0239608803419034 3.8315749398243639 0.0159218719463869 -0.1009525158835022 0.0200179689689374 4.0077525512868704 1.0000000000000000 
4.0322474487138997 -0.0198965562487396 0.0764752409470732 -0.0797313516510899 -0.0218862120924058 3.8319625447947718 0.0157370908788075 -0.0996279078998296 0.0165139613770757 4.0322474487147071 1.0000000000000000 
4.0499999999999998 -0.0185451941673188 0.0757798992953985 -0.0801066719163548 -0.0203997137879827 3.8322410487452516 0.0156449824339156 -0.0986518660836736 0.0140994155724437 4.0500000000007965 1.0000000000000000 
4.0577525512861001 -0.0179588143358601 0.0754962997299424 -0.0802623183191891 -0.0197546959669300 3.8323622121875616 0.0156147138887873 -0.0982211326550492 0.0130771043509431 4.0577525512868791 1.0000000000000000 
4.0822474487138996 -0.0161197681181665 0.0746817405225799 -0.0807213895508664 -0.0177317451072439 3.8327438620776455 0.0155550228226780 -0.0968411576690328 0.0099750836039847 4.0822474487147167 1.0000000000000000 
4.0999999999999996 -0.0147986286927465 0.0741684380186196 -0.0810232577867784 -0.0162784917247541 3.8330198528118720 0.0155423383095434 -0.0958218864795248 0.0078466593560269 4.1000000000008061 1.0000000000000000 
4.1077525512861000 -0.0142244343485848 0.0739641702836757 -0.0811470066150270 -0.0156468779398621 3.8331403458278341 0.0155439591104711 -0.0953714409636118 0.0069479324401460 4.1077525512868887 1.0000000000000000 
4.1322474487139003 -0.0124198535200776 0.0733995791468142 -0.0815059353106962 -0.0136618390086601 3.8335213977903759 0.0155744238059533 -0.0939257888307738 0.0042309895680570 4.1322474487147263 1.0000000000000000 
4.1500000000000004 -0.0111198735040163 0.0730666762989861 -0.0817357641514759 -0.0122318609766974 3.8337982404066784 0.0156175796599514 -0.0928556376554922 0.0023764967218399 4.1500000000008148 1.0000000000000000 
4.1577525512860998 -0.0105539160903845 0.0729409785118812 -0.0818281768411575 -0.0116093078154790 3.8339194036521822 0.0156412361833549 -0.0923820929315420 0.0015960503165121 4.1577525512868974 1.0000000000000000 
4.1822474487139001 -0.0087713655960216 0.0726237528626175 -0.0820885160392839 -0.0096485022520780 3.8343036083445141 0.0157324636493179 -0.0908598816353056 -0.0007525036423097 4.1822474487147350 1.0000000000000000 
4.2000000000000002 -0.0074835742866967 0.0724691938628933 -0.0822472220891932 -0.0082319317976594 3.8345835872819620 0.0158117730350682 -0.0897307963758899 -0.0023450773676924 4.2000000000008235 1.0000000000000000 
4.2077525512861005 -0.0069219479629612 0.0724211228967310 -0.0823086440405472 -0.0076141428353744 3.8347063110181496 0.0158492825049901 -0.0892305920035084 -0.0030124673909007 4.2077525512869061 1.0000000000000000 
4.2322474487138999 -0.0051491369527097 0.0723480917122773 -0.0824712666859577 -0.0056640507046031 3.8350960800154930 0.0159770394143565 -0.0876204036386674 -0.0050090599265644 4.2322474487147437 1.0000000000000000 
4.2500000000000000 -0.0038646767562318 0.0723694193318100 -0.0825592761778950 -0.0042511444743529 3.8353805870882534 0.0160764426455544 -0.0864239529341268 -0.0063515218583435 4.2500000000008331 1.0000000000000000 
4.2577525512861003 -0.0033035273005731 0.0723978572081420 -0.0825898393520420 -0.0036338800669576 3.8355053918067288 0.0161211775973840 -0.0858933666526151 -0.0069109884724938 4.2577525512869148 1.0000000000000000 
4.2822474487138997 -0.0015283369131532 0.0725653011090447 -0.0826549469952270 -0.0016811706212748 3.8359020465389304 0.0162660339146462 -0.0841832839083801 -0.0085717503266874 4.2822474487147515 1.0000000000000000 
4.2999999999999998 -0.0002384832033354 0.0727596682230287 -0.0826722025603381 -0.0002623315262914 3.8361917559814591 0.0163728487133269 -0.0829106857636735 -0.0096756810934726 4.3000000000008400 1.0000000000000000 
4.3077525512861001 0.0003259833724213 0.0728633272772409 -0.0826718285569388 0.0003585817132481 3.8363188674698097 0.0164196303761586 -0.0823458451845175 -0.0101322566759793 4.3077525512869235 1.0000000000000000 
4.3322474487138996 0.0021154730900380 0.0732669953517926 -0.0826389615573196 0.0023270204223046 3.8367228710529444 0.0165666321813913 -0.0805234884672816 -0.0114729923110387 4.3322474487147602 1.0000000000000000 
4.3499999999999996 0.0034192926787820 0.0736311730628299 -0.0825849300707088 0.0037612219842604 3.8370179026289182 0.0166713264592636 -0.0791656373919268 -0.0123497291850753 4.3500000000008487 1.0000000000000000 
4.3577525512861000 0.0039908017414137 0.0738085998848663 -0.0825533336722235 0.0043898819594399 3.8371473219508818 0.0167163281525882 -0.0785625319308098 -0.0127083380037881 4.3577525512869313 1.0000000000000000 
4.3822474487139003 0.0058062855837690 0.0744437231573026 -0.0824213828633564 0.0063869142059947 3.8375584954662640 0.0168547028939027 -0.0766150972795873 -0.0137445015408169 4.3822474487147689 1.0000000000000000 
4.4000000000000004 0.0071324722887784 0.0749741056452324 -0.0822950643387153 0.0078457195960884 3.8378585668134240 0.0169506921479601 -0.0751625920499369 -0.0144051264733494 4.4000000000008583 1.0000000000000000 
4.4077525512860998 0.0077146723634648 0.0752236837923335 -0.0822317575102304 0.0084861396846456 3.8379901357266797 0.0169913535537876 -0.0745170851467656 -0.0146705789889683 4.4077525512869409 1.0000000000000000 
4.4322474487139001 0.0095675941856374 0.0760849849179062 -0.0819989772956389 0.0105243537094111 3.8384078606435152 0.0171142502991452 -0.0724313831100015 -0.0154172556647664 4.4322474487147776 1.0000000000000000 
4.4500000000000002 0.0109243595296969 0.0767775914560928 -0.0817989148094605 0.0120167956027962 3.8387124301197422 0.0171977211465484 -0.0708745552797636 -0.0158725873110722 4.4500000000008662 1.0000000000000000 
4.4577525512861005 0.0115208141892816 0.0770975429307029 -0.0817032111464668 0.0126728957348983 3.8388458924916704 0.0172326741037488 -0.0701823969571851 -0.0160495761925162 4.4577525512869496 1.0000000000000000 
4.4822474487138999 0.0134223413883372 0.0781792412909229 -0.0813672340057214 0.0147645756747696 3.8392693010389167 0.0173369407742671 -0.0679448926173842 -0.0165214697904275 4.4822474487147863 1.0000000000000000 
4.5000000000000000 0.0148176887263279 0.0790297162473994 -0.0810915246397934 0.0162994577619033 3.8395777024039757 0.0174067016153462 -0.0662738359134654 -0.0167820584371173 4.5000000000008749 1.0000000000000000 
4.5077525512861003 0.0154318685327763 0.0794181017326831 -0.0809625442598094 0.0169750555557503 3.8397127622128702 0.0174357078857665 -0.0655306757270330 -0.0168751561867627 4.5077525512869574 1.0000000000000000 
4.5322474487138997 0.0173928665790718 0.0807139127953744 -0.0805203966556644 0.0191321534282394 3.8401409175829095 0.0175217068872076 -0.0631275300765926 -0.0170865831927109 4.5322474487147959 1.0000000000000000 
4.5499999999999998 0.0188345726251304 0.0817175246954034 -0.0801667034547435 0.0207180300947576 3.8404524878969002 0.0175790662169471 -0.0613321308296131 -0.0171627072301242 4.5500000000008844 1.0000000000000000 
4.5577525512861001 0.0194698470649969 0.0821722425406375 -0.0800033783322894 0.0214168319855966 3.8405888644240656 0.0176029674899565 -0.0605335312672924 -0.0171763653111126 4.5577525512869670 1.0000000000000000 
4.5822474487138996 0.0215008538711642 0.0836753704521967 -0.0794514980210808 0.0236509394947144 3.8410209327370075 0.0176744305495140 -0.0579506441499166 -0.0171412564283893 4.5822474487148046 1.0000000000000000 
4.5999999999999996 0.0229964500534006 0.0848270110167669 -0.0790170629709109 0.0252960953116208 3.8413351348816596 0.0177231030914156 -0.0560206129175103 -0.0170429191588001 4.6000000000008932 1.0000000000000000 
4.6077525512861000 0.0236560794051398 0.0853457949615329 -0.0788181427190014 0.0260216876057875 3.8414726157094266 0.0177437833225339 -0.0551620633138617 -0.0169814685094695 4.6077525512869757 1.0000000000000000 
4.6322474487139003 0.0257672793334841 0.0870489182275655 -0.0781523974778426 0.0283440075501821 3.8419080316834897 0.0178077056311222 -0.0523851181443585 -0.0167133772663840 4.6322474487148115 1.0000000000000000 
4.6500000000000004 0.0273240328303896 0.0883431013587579 -0.0776340555166961 0.0300564364138970 3.8422245729169795 0.0178537462834667 -0.0503100226863065 -0.0164503037698157 4.6500000000009001 1.0000000000000000 
4.6577525512860998 0.0280111598936518 0.0889235169751809 -0.0773981136216056 0.0308122761910414 3.8423630653494332 0.0178741063012431 -0.0493869537279538 -0.0163179565833097 4.6577525512869826 1.0000000000000000 
4.6822474487139001 0.0302123572316063 0.0908187689599966 -0.0766138214166935 0.0332335932869968 3.8428016936121971 0.0179406792784935 -0.0464014641850872 -0.0158300728908488 4.6822474487148202 1.0000000000000000 
4.7000000000000002 0.0318372515611841 0.0922496277279325 -0.0760080155009891 0.0350209770674005 3.8431206415535577 0.0179924448092157 -0.0441707639398050 -0.0154117085780666 4.7000000000009088 1.0000000000000000 
4.7077525512861005 0.0325548931684610 0.0928890675441309 -0.0757334560203271 0.0358103828432966 3.8432602230706201 0.0180163889700749 -0.0431785628518661 -0.0152125612200703 4.7077525512869913 1.0000000000000000 
4.7322474487138999 0.0348554849381440 0.0949680158930286 -0.0748254066503753 0.0383410338152463 3.8437025170123902 0.0180989702726809 -0.0399699217122313 -0.0145177253605998 4.7322474487148298 1.0000000000000000 
4.7500000000000000 0.0365551999921730 0.0965292931650911 -0.0741282039013935 0.0402107203933692 3.8440244144206974 0.0181671086008133 -0.0375730039092204 -0.0139532402476385 4.7500000000009184 1.0000000000000000 
4.7577525512861003 0.0373062382172049 0.0972249704156201 -0.0738132686383406 0.0410368624491630 3.8441653827614890 0.0181995431223292 -0.0365070304211357 -0.0136912771828415 4.7577525512870018 1.0000000000000000 
4.7822474487138997 0.0397151861966463 0.0994786005559034 -0.0727757468958032 0.0436867052530385 3.8446125427821136 0.0183146622022701 -0.0330605606991569 -0.0128019886251023 4.7822474487148385 1.0000000000000000 
4.7999999999999998 0.0414960776179088 0.1011636277680000 -0.0719828558606328 0.0456456858360108 3.8449385224523280 0.0184121286440968 -0.0304867782427240 -0.0121002924756673 4.8000000000009271 1.0000000000000000 
4.8077525512861001 0.0422832506030087 0.1019125687070015 -0.0716256320296639 0.0465115761282768 3.8450814458999796 0.0184589711031799 -0.0293423814266553 -0.0117793910757272 4.8077525512870087 1.0000000000000000 
4.8322474487138996 0.0448090523663475 0.1043312731730368 -0.0704524424315268 0.0492899580957245 3.8455355788386543 0.0186263688944875 -0.0256433900651793 -0.0107078098033183 4.8322474487148463 1.0000000000000000 
4.8499999999999996 0.0466771301201073 0.1061329349302824 -0.0695592314991094 0.0513448436454025 3.8458674798826999 0.0187684676833088 -0.0228821013790021 -0.0098775800162727 4.8500000000009358 1.0000000000000000 
4.8577525512861000 0.0475030224701664 0.1069319696394279 -0.0691576599016223 0.0522533252395494 3.8460132482910416 0.0188366670284164 -0.0216546374314560 -0.0095015161351994 4.8577525512870183 1.0000000000000000 
4.8822474487139003 0.0501536810706758 0.1095055355057239 -0.0678421530546673 0.0551690497292577 3.8464775297475002 0.0190793687987021 -0.0176884719839915 -0.0082594634070646 4.8822474487148568 1.0000000000000000 
4.9000000000000004 0.0521145869431398 0.1114162267670764 -0.0668436700802569 0.0573260462105313 3.8468180164606216 0.0192838168434548 -0.0147290831371171 -0.0073091783091740 4.9000000000009454 1.0000000000000000 
4.9077525512860998 0.0529816196443150 0.1122619783493808 -0.0663955538141849 0.0582797821913583 3.8469678935271379 0.0193813831309395 -0.0134139341698699 -0.0068816325495063 4.9077525512870279 1.0000000000000000 
4.9322474487139001 0.0557646114358747 0.1149795592999173 -0.0649306544998588 0.0613410731926771 3.8474467346563781 0.0197258028529497 -0.0091660430639841 -0.0054806035975720 4.9322474487148655 1.0000000000000000 
4.9500000000000002 0.0578235951078365 0.1169911473821144 -0.0638216477079370 0.0636059552544767 3.8477994190688802 0.0200128124072377 -0.0059980526001005 -0.0044185682090080 4.9500000000009541 1.0000000000000000 
4.9577525512861005 0.0587340147888602 0.1178800192172138 -0.0633246614452606 0.0646074169136141 3.8479550963186777 0.0201488552785224 -0.0045906466564004 -0.0039431328689120 4.9577525512870366 1.0000000000000000 
4.9822474487138999 0.0616562555447939 0.1207301182008898 -0.0617028985280812 0.0678218817772756 3.8484543164975782 0.0206249276369989 -0.0000466429832872 -0.0023942952356877 4.9822474487148725 1.0000000000000000 
5.0000000000000000 0.0638181493032217 0.1228338834400789 -0.0604778387669535 0.0701999649353194 3.8488238855764951 0.0210173061191682 0.0033403105362682 -0.0012286853467212 5.0000000000009610 1.0000000000000000 
float data_2(2,4)
0.0 1.1000000000000001 0.0000000000000000 0.2000000000000000 
5.0000000000000000 1.1000000000000001 0.0000000000000000 0.2000000000000000 
