#1
char Aclass(3,11)
Atrajectory
1.1

char name(14,100)
Time
p1
p2
p3
x1
der(x1)
x2
der(x2)
x3
der(x3)
w
u
time
der(time)

char description(14,100)
time in [s]
 
 
 
 
 
 
 
 
 
 
 
 
 

int dataInfo(14,4)
0 1 0 -1 # time
2 2 0 -1 # p1
2 3 0 -1 # p2
2 4 0 -1 # p3
1 2 0 -1 # x1
1 3 0 -1 # der(x1)
1 4 0 -1 # x2
1 5 0 -1 # der(x2)
1 6 0 -1 # x3
1 7 0 -1 # der(x3)
1 8 0 -1 # w
1 9 0 -1 # u
1 10 0 -1 # time
1 11 0 -1 # der(time)

float data_1(301,11)
0.0 0.0000000000000000 -1.4111477764701490 1.0000000000000000 -0.0000021289431418 0.0000000000000000 1.1689273068924300 1.0000033874714305 -0.4111194447789484 0.0000000000000000 0.9999999999991569 
0.0077525512861000 -0.0108656292295094 -1.3919724646720251 0.9999553093645364 -0.0115011848003982 0.0090026381972103 1.1537053712539342 0.9890896801350271 -0.3920161841454402 0.0077525512860831 1.0000000000000000 
0.0322474487139000 -0.0442233135477999 -1.3317675960666704 0.9992379718673345 -0.0468100365708762 0.0367224524205880 1.1109633742633314 0.9550146583195347 -0.3324622510611473 0.0322474487139216 1.0000000000000000 
0.0500000000000000 -0.0674810494301796 -1.2884964565035417 0.9981872487566352 -0.0714281707600506 0.0562087222867147 1.0850690503410512 0.9307061993264556 -0.2900647767816445 0.0500000000000107 1.0000000000000000 
0.0577525512861000 -0.0773974235537662 -1.2697187313048843 0.9975927000078557 -0.0819245763465326 0.0645811004165273 1.0750317070232449 0.9201952764540895 -0.2717538421880897 0.0577525512860938 1.0000000000000000 
0.0822474487139000 -0.1077771330052511 -1.2109288496675650 0.9951890371444492 -0.1140812646710994 0.0905701728505455 1.0481154888126740 0.8874119041391980 -0.2147052834969146 0.0822474487139323 1.0000000000000000 
0.1000000000000000 -0.1289004399730789 -1.1689012768422273 0.9929641634459250 -0.1364401223037993 0.1090366129610896 1.0329142881471061 0.8640637234728460 -0.1741296494994710 0.1000000000000213 1.0000000000000000 
0.1077525512861000 -0.1378919141466418 -1.1507191612133907 0.9918694010886693 -0.1459575284211842 0.1170220909615054 1.0273478444382005 0.8539774869420275 -0.1566165880015797 0.1077525512861044 1.0000000000000000 
0.1322474487139000 -0.1653815714007302 -1.0939992280725090 0.9879348388492860 -0.1750551187678092 0.1420090689138674 1.0137902611151517 0.8225532674485558 -0.1020977528859786 0.1322474487139429 1.0000000000000000 
0.1500000000000000 -0.1844436141742945 -1.0536315226830524 0.9846469340283339 -0.1952321441365960 0.1599466919898207 1.0075640932779277 0.8002033198540394 -0.0633645151298080 0.1500000000000319 1.0000000000000000 
0.1577525512861000 -0.1925443770284911 -1.0362118827183293 0.9831000400051370 -0.2038067391869502 0.1677502252957866 1.0057360741129933 0.7905556629766458 -0.0466588505143277 0.1577525512861150 1.0000000000000000 
0.1822474487139000 -0.2172599525562282 -0.9820326873149138 0.9777845682336339 -0.2299679854054766 0.1923460420425004 1.0032926145374055 0.7605246156774057 0.0052977049150237 0.1822474487139535 1.0000000000000000 
0.2000000000000000 -0.2343514784656650 -0.9436151381650222 0.9735403864822348 -0.2480592338599297 0.2101639011839209 1.0044792076263416 0.7391889080165698 0.0421628753297405 0.2000000000000425 1.0000000000000000 
0.2077525512861000 -0.2416027066251705 -0.9270718799795289 0.9715874367346222 -0.2557346029831324 0.2179555132806873 1.0057237736363642 0.7299847301094518 0.0580496216059384 0.2077525512861257 1.0000000000000000 
0.2322474487139000 -0.2636796323722547 -0.8757454893318365 0.9650343575450976 -0.2791028587443382 0.2426640678951048 1.0123542978664359 0.7013547251728428 0.1074059500056246 0.2322474487139641 1.0000000000000000 
0.2500000000000000 -0.2789031467992454 -0.8394616896537188 0.9599355156264020 -0.2952168314409810 0.2606967137108291 1.0195336185576536 0.6810323688271566 0.1423743625198546 0.2500000000000531 1.0000000000000000 
0.2577525512861000 -0.2853505695759126 -0.8238643415601529 0.9576202766020256 -0.3020413787612025 0.2686146770226577 1.0232456175711135 0.6722697070261130 0.1574295901524636 0.2577525512861362 1.0000000000000000 
0.2822474487139000 -0.3049364857243419 -0.7755714590897907 0.9499653723656668 -0.3227729200599020 0.2938425820309749 1.0370957655101309 0.6450288866413249 0.2041452828036923 0.2822474487139747 1.0000000000000000 
0.3000000000000000 -0.3184014138914462 -0.7415181040599838 0.9441078597237386 -0.3370254427534983 0.3123568467007522 1.0489769570310661 0.6257064458322925 0.2371873644854778 0.3000000000000637 1.0000000000000000 
0.3077525512861000 -0.3240933102887319 -0.7269004004907378 0.9414716023279659 -0.3430502712238215 0.3205105733172635 1.0546063674292276 0.6173782920392340 0.2513983207306086 0.3077525512861468 1.0000000000000000 
0.3322474487139000 -0.3413421705240081 -0.6817170107020520 0.9328426514265099 -0.3613080568496317 0.3465760117684518 1.0739907956031194 0.5915004809025018 0.2954334204269746 0.3322474487139852 1.0000000000000000 
0.3500000000000000 -0.3531609870989093 -0.6499225950287751 0.9263165705011956 -0.3738181831091065 0.3657771802984789 1.0894009059639800 0.5731555834022863 0.3265208023555394 0.3500000000000743 1.0000000000000000 
0.3577525512861000 -0.3581465986540233 -0.6362904508149638 0.9233979789149921 -0.3790954145171741 0.3742498555391123 1.0964481535606938 0.5652513802609688 0.3398754771523973 0.3577525512861573 1.0000000000000000 
0.3822474487139000 -0.3732140536955227 -0.5942121144897549 0.9139145491257092 -0.3950441995569886 0.4013906734558491 1.1198368310995772 0.5407004954301866 0.3811932556073175 0.3822474487139957 1.0000000000000000 
0.4000000000000000 -0.3834992996105753 -0.5646536041853656 0.9068040365804700 -0.4059310530919110 0.4214281496347236 1.1377119604486847 0.5233047369698947 0.4103007273804610 0.4000000000000847 1.0000000000000000 
0.4077525512861001 -0.3878276190536177 -0.5519921370899311 0.9036391909208464 -0.4105125458649576 0.4302791585602661 1.1457243202999958 0.5158115718672286 0.4227886834241694 0.4077525512861678 1.0000000000000000 
0.4322474487139000 -0.4008675368664251 -0.5129550823637024 0.8934126463400747 -0.4243151983739919 0.4586603594513577 1.1717323111004594 0.4925451094736496 0.4613581822694961 0.4322474487140062 1.0000000000000000 
0.4500000000000000 -0.4097296095855106 -0.4855721339579172 0.8857959311641269 -0.4336956340490713 0.4796329517472552 1.1911112779776460 0.4760663215786163 0.4884654474374883 0.4500000000000952 1.0000000000000000 
0.4577525512861000 -0.4134484934963393 -0.4738515939953892 0.8824183454379312 -0.4376320440080561 0.4889001536102323 1.1996803570268122 0.4689698519415919 0.5000785577159644 0.4577525512861783 1.0000000000000000 
0.4822474487139000 -0.4246104468858061 -0.4377503148512861 0.8715520112015076 -0.4494468856480499 0.5186209667709349 1.2270608984558711 0.4469415643157016 0.5358768129169933 0.4822474487140166 1.0000000000000000 
0.5000000000000000 -0.4321560383141098 -0.4124569640014996 0.8635015720641245 -0.4574338360226736 0.5405819142541112 1.2470811404554767 0.4313455337500147 0.5609699938923516 0.5000000000001057 1.0000000000000000 
0.5077525512861001 -0.4353115885609524 -0.4016375650528055 0.8599422717284757 -0.4607739616398186 0.5502838155778597 1.2558412856489263 0.4246306831675233 0.5717030661174516 0.5077525512861888 1.0000000000000000 
0.5322474487139001 -0.4447391365240184 -0.3683390139260951 0.8485317099445724 -0.4707529485026547 0.5813844892335169 1.2834815614960695 0.4037925734205540 0.6047169578890189 0.5322474487140271 1.0000000000000000 
0.5500000000000000 -0.4510701948563918 -0.3450329765530676 0.8401145008306954 -0.4774543249553806 0.6043463269148623 1.3033767473089999 0.3890443059743036 0.6277898152374476 0.5500000000001161 1.0000000000000000 
0.5577525512861000 -0.4537063556835191 -0.3350687101739710 0.8364021271590176 -0.4802446808745774 0.6144841936077426 1.3120041347423304 0.3826957714754985 0.6376410896724446 0.5577525512861992 1.0000000000000000 
0.5822474487139000 -0.4615359553209164 -0.3044233933230864 0.8245354864307781 -0.4885322517497356 0.6469526274986621 1.3389229167809389 0.3629995311098617 0.6678687822793731 0.5822474487140374 1.0000000000000000 
0.6000000000000000 -0.4667490576988698 -0.2829932449798699 0.8158132058812418 -0.4940502804405532 0.6708919611533949 1.3580216367173570 0.3490641481823721 0.6889236292688737 0.6000000000001264 1.0000000000000000 
0.6077525512861001 -0.4689073805831205 -0.2738348008785831 0.8119741370166004 -0.4963348485798075 0.6814518967149138 1.3662337617498779 0.3430667564334798 0.6978951432706340 0.6077525512862095 1.0000000000000000 
0.6322474487139000 -0.4752677849149206 -0.2456851940173002 0.7997325461023883 -0.5030672875467617 0.7152301851952984 1.3915800284595456 0.3244647611874678 0.7253471002121884 0.6322474487140479 1.0000000000000000 
0.6500000000000000 -0.4794538225966598 -0.2260157453357286 0.7907619309883104 -0.5074981761720028 0.7400924135939024 1.4093049233702817 0.3113081083916506 0.7443954082797756 0.6500000000001370 1.0000000000000000 
0.6577525512861000 -0.4811733577285998 -0.2176126796826215 0.7868204119251333 -0.5093182908570775 0.7510474164403393 1.4168602176511935 0.3056470541965334 0.7524932271066413 0.6577525512862200 1.0000000000000000 
0.6822474487139000 -0.4861853766678125 -0.1917994129044995 0.7742783951671922 -0.5146234742776928 0.7860383294929084 1.4399119116677459 0.2880930184993797 0.7771928061681475 0.6822474487140584 1.0000000000000000 
0.7000000000000000 -0.4894294706072949 -0.1737756046156929 0.7651115247030643 -0.5180573227111124 0.8117423214067444 1.4557786670212769 0.2756820540957693 0.7942555099522604 0.7000000000001475 1.0000000000000000 
0.7077525512861000 -0.4907467509349486 -0.1660778960340307 0.7610898004280842 -0.5194516537859396 0.8230543214050803 1.4624760035338797 0.2703430494931355 0.8014898287970058 0.7077525512862305 1.0000000000000000 
0.7322474487139000 -0.4945232748478975 -0.1424441401543816 0.7483156984861169 -0.5234490752429480 0.8591277121144559 1.4826382223259351 0.2537924236382194 0.8234734776293943 0.7322474487140688 1.0000000000000000 
0.7500000000000000 -0.4969048552910671 -0.1259537589777605 0.7390002981107392 -0.5259699597877261 0.8855704195077897 1.4962539677154192 0.2420954428196721 0.8385809990075163 0.7500000000001579 1.0000000000000000 
0.7577525512861000 -0.4978539457910042 -0.1189128802871976 0.7349187457560359 -0.5269745647674735 0.8971922831210315 1.5019318676899438 0.2370647999650317 0.8449661256445348 0.7577525512862409 1.0000000000000000 
0.7822474487139001 -0.5005001516539790 -0.0973073228767127 0.7219751299506286 -0.5297755532797016 0.9341913791998443 1.5187339597547731 0.2214749782966497 0.8642832115008217 0.7822474487140791 1.0000000000000000 
0.8000000000000000 -0.5020931495567524 -0.0822428029835758 0.7125548678350156 -0.5314617292829060 0.9612523483877321 1.5297947505654308 0.2104617182782632 0.8774752304531718 0.8000000000001681 1.0000000000000000 
0.8077525512861000 -0.5027057403883963 -0.0758124198821822 0.7084321249804290 -0.5321101519570942 0.9731298340257808 1.5343301665882123 0.2057263845920326 0.8830294612665192 0.8077525512862511 1.0000000000000000 
0.8322474487139001 -0.5043194185887998 -0.0560911634139075 0.6953761972950560 -0.5338182178959582 1.0108773494351939 1.5474213990371013 0.1910567787062561 0.8997417781270581 0.8322474487140893 1.0000000000000000 
0.8500000000000000 -0.5051925288657099 -0.0423506962863864 0.6858909686666390 -0.5347423983952051 1.0384230793308122 1.5557085973492490 0.1806984398009291 0.9110667841764724 0.8500000000001783 1.0000000000000000 
0.8577525512861000 -0.5054980561604243 -0.0364870857113120 0.6817440559194998 -0.5350657966820247 1.0504967197510453 1.5590152074578629 0.1762459997590755 0.9158121886580101 0.8577525512862613 1.0000000000000000 
0.8822474487139002 -0.5061700111481664 -0.0185147420637763 0.6686280295747193 -0.5357770558579440 1.0888007105036730 1.5681588579304044 0.1624580184265529 0.9299931912719857 0.8822474487140994 1.0000000000000000 
0.9000000000000000 -0.5063869978619313 -0.0060028760741196 0.6591142258872106 -0.5360067346222047 1.1166888012250586 1.5735343598973852 0.1527272280252793 0.9395078528290541 0.9000000000001885 1.0000000000000000 
0.9077525512861000 -0.5064127800802906 -0.0006651391470024 0.6549586626126485 -0.5360340249016363 1.1288956879843572 1.5755603623063852 0.1485458825323580 0.9434699829601070 0.9077525512862715 1.0000000000000000 
0.9322474487139002 -0.5062272703924705 0.0156846600598337 0.6418301202646781 -0.5358376643267683 1.1675550731192963 1.5806262531538666 0.1356028498722077 0.9552038005507367 0.9322474487141098 1.0000000000000000 
0.9500000000000000 -0.5058472921011899 0.0270567869186575 0.6323208816019603 -0.5354354602338690 1.1956381084167957 1.5830266207514798 0.1264735895007704 0.9629721909359968 0.9500000000001987 1.0000000000000000 
0.9577525512861000 -0.5056186732237606 0.0319066584920087 0.6281707942239398 -0.5351934689140219 1.2079135540618955 1.5837520645221792 0.1225521210001792 0.9661797322932035 0.9577525512862818 1.0000000000000000 
0.9822474487139001 -0.5046538661371008 0.0467511646280498 0.6150730223963278 -0.5341722280483585 1.2467232271743083 1.5847076907006921 0.1104191562592270 0.9755600151782688 0.9822474487141200 1.0000000000000000 
1.0000000000000000 -0.5037318059508499 0.0570658482016226 0.6055984724767289 -0.5331962344473413 1.2748523392600377 1.5841373317585683 0.1018666665258791 0.9816527336927702 1.0000000000002089 1.0000000000000000 
1.0077525512861001 -0.5032722993551263 0.0614630071253146 0.6014666951607374 -0.5327098502570810 1.2871313956419719 1.5835710533755551 0.0981943958056111 0.9841371147814671 1.0077525512862919 1.0000000000000000 
1.0322474487139002 -0.5016007229203598 0.0749105400854532 0.5884389946200581 -0.5309404994833651 1.3258868625319260 1.5804715532606082 0.0868382716996983 0.9912657653918183 1.0322474487141302 1.0000000000000000 
1.0500000000000000 -0.5001875126529438 0.0842437062669440 0.5790264584510257 -0.5294446273066226 1.3539149366571792 1.5769951533727176 0.0788389457980820 0.9957589899031827 1.0500000000002192 1.0000000000000000 
1.0577525512860999 -0.4995189414917652 0.0882205521875061 0.5749246262502405 -0.5287369498850429 1.3661337518998056 1.5751714124012115 0.0754056847584753 0.9975539652690120 1.0577525512863022 1.0000000000000000 
1.0822474487139002 -0.4972079223533117 0.1003708717395739 0.5620025987926702 -0.5262907539375209 1.4046352440718952 1.5681486926687596 0.0647946764393586 1.0025398014887694 1.0822474487141405 1.0000000000000000 
1.1000000000000001 -0.4953508537620694 0.1087923838702746 0.5526768034873234 -0.5243250611457289 1.4324197313082763 1.5618831369024349 0.0573259497252539 1.0055143059485618 1.1000000000002297 1.0000000000000000 
1.1077525512861000 -0.4944934851151900 0.1123787086102105 0.5486154382150328 -0.5234175430405557 1.4445167329895823 1.5588580563190120 0.0541219530998428 1.0066555272041504 1.1077525512863127 1.0000000000000000 
1.1322474487139003 -0.4916055646827339 0.1233235008832044 0.5358312508284560 -0.5203607015193854 1.4825727631558885 1.5481094110309117 0.0442256861457220 1.0096129210942910 1.1322474487141507 1.0000000000000000 
1.1499999999999999 -0.4893485834233523 0.1308975338927231 0.5266145103928602 -0.5179717042504084 1.5099780820884394 1.5392154451223652 0.0372659269695079 1.0111530875531005 1.1500000000002397 1.0000000000000000 
1.1577525512861000 -0.4883212545514249 0.1341206915541719 0.5226030995987682 -0.5168842845568682 1.5218949795977470 1.5350633649036578 0.0342818450473433 1.0116776747303353 1.1577525512863227 1.0000000000000000 
1.1822474487139001 -0.4849145790929649 0.1439441202726247 0.5099857272745495 -0.5132783448386055 1.5593253224798358 1.5208399298422657 0.0250711481815846 1.0127252039930159 1.1822474487141608 1.0000000000000000 
1.2000000000000000 -0.4822985588987736 0.1507295701454860 0.5008981123533108 -0.5105093076241679 1.5862248428835808 1.5095138037114189 0.0185995534545373 1.0129180543543637 1.2000000000002498 1.0000000000000000 
1.2077525512861000 -0.4811187946806033 0.1536146595628003 0.4969451818487265 -0.5092605362914155 1.5979074472694978 1.5043236516137908 0.0158263871681233 1.0128641780897338 1.2077525512863327 1.0000000000000000 
1.2322474487139001 -0.4772474770259670 0.1623939468799114 0.4845206304923237 -0.5051627763893970 1.6345455456005618 1.4869190136175772 0.0072731534663567 1.0121233214971139 1.2322474487141708 1.0000000000000000 
1.2500000000000000 -0.4743104729372938 0.1684448537371220 0.4755801241549299 -0.5020539801964039 1.6608231588244149 1.4733843289840827 0.0012696512176360 1.0110575897323657 1.2500000000002598 1.0000000000000000 
1.2577525512861001 -0.4729945940936295 0.1710149046859135 0.4716933045657976 -0.5006611325815719 1.6722220234134599 1.4672561020939809 -0.0013012895278320 1.0104640728305501 1.2577525512863426 1.0000000000000000 
1.2822474487139002 -0.4687090461001098 0.1788209176619185 0.4594848155365267 -0.4961249130582285 1.7079168341538848 1.4469953458194322 -0.0092242305635831 1.0080579746303377 1.2822474487141808 1.0000000000000000 
1.3000000000000000 -0.4654865264685908 0.1841868877956296 0.4507074562236777 -0.4927139008635397 1.7334681252792887 1.4314952988898710 -0.0147790702449131 1.0058232356985086 1.3000000000002696 1.0000000000000000 
1.3077525512860999 -0.4640497485305101 0.1864630452042255 0.4468935440613933 -0.4911930824890107 1.7445390146866875 1.4245367353721332 -0.0171562044691167 1.0047291806942844 1.3077525512863526 1.0000000000000000 
1.3322474487139002 -0.4593969844481639 0.1933608720003856 0.4349217818887012 -0.4862681675656993 1.7791563234328438 1.4017661624222231 -0.0244752025594628 1.0007815029975264 1.3322474487141907 1.0000000000000000 
1.3500000000000001 -0.4559220420407281 0.1980874892002779 0.4263217946354515 -0.4825899678080701 1.8038893689242426 1.3845563361312108 -0.0296002474052765 0.9974673704598043 1.3500000000002796 1.0000000000000000 
1.3577525512861000 -0.4543785652557675 0.2000891916106777 0.4225868083709742 -0.4809562095264238 1.8145935676509446 1.3768798403734879 -0.0317917568847933 0.9959118179849141 1.3577525512863626 1.0000000000000000 
1.3822474487139003 -0.4494024767779847 0.2061386970811468 0.4108700331688944 -0.4756890582223334 1.8480168096636944 1.3519575432868252 -0.0385324436090904 0.9905456945529905 1.3822474487142009 1.0000000000000000 
1.3999999999999999 -0.4457060196950685 0.2102679170513088 0.4024599501931703 -0.4717763868878739 1.8718526309897634 1.3332993649200628 -0.0432460695018981 0.9862410949756283 1.4000000000002899 1.0000000000000000 
1.4077525512860998 -0.4440691102159638 0.2120130669523218 0.3988091818054039 -0.4700437308195414 1.8821571055375301 1.3250192324209591 -0.0452599284105599 0.9842627160887333 1.4077525512863729 1.0000000000000000 
1.4322474487139001 -0.4388107144154743 0.2172694211427297 0.3873634078534820 -0.4644777593900470 1.9142877396075118 1.2983066529031191 -0.0514473065619923 0.9775998159136614 1.4322474487142109 1.0000000000000000 
1.4500000000000000 -0.4349216377842831 0.2208399451422444 0.3791541795536915 -0.4603612017482154 1.9371604481499680 1.2784615949212370 -0.0557674582305916 0.9723923447023965 1.4500000000002999 1.0000000000000000 
1.4577525512860998 -0.4332037005802525 0.2223450697189276 0.3755922420021460 -0.4585427784575120 1.9470378784889488 1.2696915669453199 -0.0576114585781065 0.9700291688905602 1.4577525512863829 1.0000000000000000 
1.4822474487139001 -0.4277013621879691 0.2268592453240011 0.3644313838902189 -0.4527185956746160 1.9777953650440170 1.2415461172493476 -0.0632699782977502 0.9621888735943130 1.4822474487142210 1.0000000000000000 
1.5000000000000000 -0.4236467017421505 0.2299068707012642 0.3564324812405034 -0.4484267688411198 1.9996520366113819 1.2207706838577002 -0.0672142205016471 0.9561642339462566 1.5000000000003100 1.0000000000000000 
1.5077525512860999 -0.4218593457302160 0.2311872721467577 0.3529633522873172 -0.4465348662772458 2.0090807339509329 1.2116218469174029 -0.0688959934428988 0.9534534132727672 1.5077525512863930 1.0000000000000000 
1.5322474487139002 -0.4161489753680936 0.2350065086308958 0.3420993599399602 -0.4404904832575319 2.0384021715916183 1.1823906277749616 -0.0740496154281334 0.9445521086761614 1.5322474487142310 1.0000000000000000 
1.5500000000000000 -0.4119540441134146 0.2375644549131043 0.3343188692102710 -0.4360501808538936 2.0592024901922610 1.1609321386512743 -0.0776351749031436 0.9377936328854303 1.5500000000003200 1.0000000000000000 
1.5577525512860999 -0.4101081400405130 0.2386343498345194 0.3309459319893794 -0.4340963056187030 2.0681662184192104 1.1515111708186330 -0.0791622080511336 0.9347712417446455 1.5577525512864030 1.0000000000000000 
1.5822474487139002 -0.4042233701067545 0.2418025829750342 0.3203889157980148 -0.4278673219964717 2.0960056937290958 1.1215257802334408 -0.0838344543087398 0.9249217209729429 1.5822474487142408 1.0000000000000000 
1.6000000000000001 -0.3999118793206777 0.2439017928088283 0.3128336264612930 -0.4233036422271473 2.1157214041599062 1.0996189366337701 -0.0870782528593846 0.9175099713723421 1.6000000000003298 1.0000000000000000 
1.6077525512861002 -0.3980176109450380 0.2447744405044213 0.3095597071639282 -0.4212985737502419 2.1242091221230130 1.0900266918265502 -0.0884579037811098 0.9142108405104451 1.6077525512864128 1.0000000000000000 
1.6322474487139003 -0.3919899508945075 0.2473326967946181 0.2993180543633679 -0.4149183420406298 2.1505368264837177 1.0595990870633536 -0.0926718965311396 0.9035218136790808 1.6322474487142506 1.0000000000000000 
1.6499999999999999 -0.3875841167302332 0.2490021114477818 0.2919935409853788 -0.4102548005325671 2.1691510340137956 1.0374632845798095 -0.0955905757448543 0.8955342590106294 1.6500000000003399 1.0000000000000000 
1.6577525512861002 -0.3856510258581943 0.2496899309931177 0.2888209440018187 -0.4082086387424197 2.1771565751620274 1.0277936973944106 -0.0968300818563757 0.8919918418668246 1.6577525512864228 1.0000000000000000 
1.6822474487139001 -0.3795099986376345 0.2516766867955013 0.2789014273352248 -0.4017084087570270 2.2019577397673928 0.9972130477272636 -0.1006085713024097 0.8805675456728851 1.6822474487142607 1.0000000000000000 
1.7000000000000000 -0.3750306356087750 0.2529434962176486 0.2718121261751437 -0.3969670375124715 2.2194640930013074 0.9750503841854697 -0.1032185094336313 0.8720783076107078 1.7000000000003499 1.0000000000000000 
1.7077525512861000 -0.3730676615441195 0.2534581724115723 0.2687426670031495 -0.3948892445932430 2.2269857978401317 0.9653896714944802 -0.1043249945409700 0.8683245766064118 1.7077525512864327 1.0000000000000000 
1.7322474487139001 -0.3668409229391347 0.2549096780843738 0.2591505466262580 -0.3882982897679946 2.2502594945046912 0.9349201213709973 -0.1076903763128767 0.8562644759722791 1.7322474487142707 1.0000000000000000 
1.7500000000000000 -0.3623075255543434 0.2557995457491006 0.2522998276086996 -0.3834997235741158 2.2666612846469287 0.9129140373720032 -0.1100076979456438 0.8473441398204102 1.7500000000003595 1.0000000000000000 
1.7577525512861001 -0.3603230395130209 0.2561521240606222 0.2493348638096936 -0.3813991603933735 2.2737016001680588 0.9033401685893296 -0.1109881757033273 0.8434095099515130 1.7577525512864425 1.0000000000000000 
1.7822474487139002 -0.3540364821459887 0.2571026935595638 0.2400739832925636 -0.3747448878695073 2.2954594511888771 0.8732194191744582 -0.1139624988534250 0.8308080831520298 1.7822474487142805 1.0000000000000000 
1.8000000000000000 -0.3494672959457308 0.2576399565096326 0.2334642179449811 -0.3699084394902732 2.3107686576271473 0.8515339020669516 -0.1160030780007497 0.8215235663517910 1.8000000000003693 1.0000000000000000 
1.8077525512861001 -0.3474691309802685 0.2578409272488979 0.2306046783999655 -0.3677933972737496 2.3173337163892076 0.8421163074613961 -0.1168644525803030 0.8174368432970857 1.8077525512864523 1.0000000000000000 
1.8322474487139002 -0.3411469746670565 0.2583231939682961 0.2216775555932385 -0.3611014435397045 2.3375985519382576 0.8125549182179153 -0.1194694190738180 0.8043834416745234 1.8322474487142903 1.0000000000000000 
1.8500000000000001 -0.3365590578879855 0.2585310386792460 0.2153101814770144 -0.3562451689871486 2.3518348605159427 0.7913341971981166 -0.1212488764109711 0.7947979136262989 1.8500000000003793 1.0000000000000000 
1.8577525512861002 -0.3345545348531492 0.2585904106969818 0.2125565941657476 -0.3541233968031930 2.3579340504890309 0.7821336826259366 -0.1219979406874016 0.7905862635500546 1.8577525512864623 1.0000000000000000 
1.8822474487139003 -0.3282194049820664 0.2586355505773026 0.2039645076091242 -0.3474177106581250 2.3767385470323030 0.7533149927630016 -0.1242548973729422 0.7771650369081664 1.8822474487143008 1.0000000000000000 
1.8999999999999999 -0.3236286820381677 0.2585361654510885 0.1978400897087365 -0.3425584658017248 2.3899283637544326 0.7326836526761171 -0.1257885923294312 0.7673378836882263 1.9000000000003898 1.0000000000000000 
1.9077525512861002 -0.3216246321125008 0.2584635297536799 0.1951926082079829 -0.3404371944001789 2.3955738984589088 0.7237524893151992 -0.1264320239045178 0.7630268219642766 1.9077525512864726 1.0000000000000000 
1.9322474487139001 -0.3152976276511269 0.2581014529500587 0.1869356796720565 -0.3337401089386660 2.4129592267195310 0.6958330606814369 -0.1283619479790704 0.7493167009649671 1.9322474487143106 1.0000000000000000 
1.9500000000000000 -0.3107189355747806 0.2577161584483252 0.1810539691449434 -0.3288935986628500 2.4251347060642297 0.6758965042914814 -0.1296649664298373 0.7393035287514629 1.9500000000003996 1.0000000000000000 
1.9577525512861000 -0.3087217198314639 0.2575207421991274 0.1785123980149166 -0.3267795611906525 2.4303412029872766 0.6672786631161789 -0.1302093218165472 0.7349169249497969 1.9577525512864826 1.0000000000000000 
1.9822474487139001 -0.3024224724957725 0.2567802548720023 0.1705896716843492 -0.3201118564327550 2.4463557091498314 0.6403891505716555 -0.1318328008114233 0.7209916522514602 1.9822474487143205 1.0000000000000000 
2.0000000000000000 -0.2978696014261710 0.2561296124928307 0.1649496623150281 -0.3152926774935805 2.4575538127388832 0.6212343429768227 -0.1329199391111429 0.7108443236222367 2.0000000000004090 1.0000000000000000 
2.0077525512861003 -0.2958851279212491 0.2558203239516886 0.1625134815176901 -0.3131921275825227 2.4623378865421590 0.6129658455591859 -0.1333716464035590 0.7064044202589584 2.0077525512864920 1.0000000000000000 
2.0322474487139002 -0.2896318539570455 0.2547292619966887 0.1549230002446818 -0.3065730852840369 2.4770358258499772 0.5872122072582241 -0.1347088537123638 0.6923326226802367 2.0322474487143301 1.0000000000000000 
2.0499999999999998 -0.2851175826983471 0.2538331634811645 0.1495229828908071 -0.3017947639472220 2.4872974240404591 0.5689086412273863 -0.1355945998075400 0.6820993203719271 2.0500000000004190 1.0000000000000000 
2.0577525512861001 -0.2831513215149621 0.2534186285098174 0.1471913713596745 -0.2997134916381528 2.4916772997072227 0.5610180007649856 -0.1359599501552876 0.6776267631142604 2.0577525512865016 1.0000000000000000 
2.0822474487139000 -0.2769608674449297 0.2520039652777072 0.1399302503424435 -0.2931609437135066 2.5051176374134911 0.5364829684512160 -0.1370306171024862 0.6634720577348984 2.0822474487143396 1.0000000000000000 
2.1000000000000001 -0.2724969950429227 0.2508817035949228 0.1347678656082923 -0.2884359691780857 2.5144866634552434 0.5190837952933418 -0.1377291294346304 0.6531973709271077 2.1000000000004286 1.0000000000000000 
2.1077525512861000 -0.2705539916971655 0.2503702944223011 0.1325397240670471 -0.2863793151109025 2.5184818132841538 0.5115925243585097 -0.1380142676301184 0.6487112481540190 2.1077525512865116 1.0000000000000000 
2.1322474487139003 -0.2644418752791621 0.2486582246797529 0.1256042222392191 -0.2799096869871964 2.5307271041303436 0.4883372621581039 -0.1388376530399430 0.6345323759377328 2.1322474487143497 1.0000000000000000 
2.1499999999999999 -0.2600392494842367 0.2473285484731005 0.1206765115639915 -0.2752495415133560 2.5392497679188661 0.4718805389412697 -0.1393627379202453 0.6242574046228672 2.1500000000004387 1.0000000000000000 
2.1577525512861002 -0.2581241370621468 0.2467284054682168 0.1185504846706687 -0.2732224097739255 2.5428805751642209 0.4648037031688600 -0.1395736523914781 0.6197752944585108 2.1577525512865212 1.0000000000000000 
2.1822474487139001 -0.2521045845877604 0.2447444080068381 0.1119360740246003 -0.2668507598711664 2.5539959291997518 0.4428695920206200 -0.1401685105631601 0.6056262756709264 2.1822474487143593 1.0000000000000000 
2.2000000000000002 -0.2477731279851957 0.2432255612845021 0.1072395293292720 -0.2622659464389531 2.5617199953518064 0.4273796022392466 -0.1405335986559237 0.5953887491695704 2.2000000000004483 1.0000000000000000 
2.2077525512861000 -0.2458901383420042 0.2425446085231595 0.1052140272042480 -0.2602728164134236 2.5650074463394943 0.4207264019005030 -0.1406761111377562 0.5909267723229639 2.2077525512865313 1.0000000000000000 
2.2322474487139004 -0.2399761192811274 0.2403134899305582 0.0989154602147960 -0.2540128728155397 2.5750595859689702 0.4001368953370326 -0.1410606590663314 0.5768570786971451 2.2322474487143689 1.0000000000000000 
2.2500000000000000 -0.2357248537788997 0.2386232388448171 0.0944460722123108 -0.2495129410450166 2.5820337189569762 0.3856255062638865 -0.1412787815665889 0.5666914848656729 2.2500000000004574 1.0000000000000000 
2.2577525512861003 -0.2338778280916429 0.2378691942781258 0.0925192913918455 -0.2475578785896779 2.5849991246698534 0.3793998703231109 -0.1413585366997974 0.5622643618196200 2.2577525512865408 1.0000000000000000 
2.2822474487139002 -0.2280810879615817 0.2354151164368063 0.0865306666572194 -0.2414220738362176 2.5940555353081036 0.3601623755606365 -0.1415504213043623 0.5483191010748738 2.2822474487143785 1.0000000000000000 
2.2999999999999998 -0.2239181582330478 0.2335707650182302 0.0822839718967353 -0.2370156448013636 2.6003287126978956 0.3466304013544744 -0.1416341863363125 0.5382568232151638 2.3000000000004674 1.0000000000000000 
2.3077525512861001 -0.2221105571570372 0.2327511460552805 0.0804539157394892 -0.2351023129931923 2.6029934601178701 0.3408315811090912 -0.1416566414175480 0.5338779345059991 2.3077525512865504 1.0000000000000000 
2.3322474487139000 -0.2164416493662022 0.2300976399319103 0.0747687419127301 -0.2291018177856253 2.6111216347269317 0.3229393271368461 -0.1416729074534721 0.5200980434400650 2.3322474487143880 1.0000000000000000 
2.3500000000000001 -0.2123743457521181 0.2281160366260134 0.0707398685994795 -0.2247966082559456 2.6167426281536659 0.3103778721995946 -0.1416344771526385 0.5101675023531637 2.3500000000004770 1.0000000000000000 
2.3577525512861000 -0.2106092593913122 0.2272381619303222 0.0690043671612398 -0.2229282779461669 2.6191279610620222 0.3050010239206895 -0.1416048922300724 0.5058489508673807 2.3577525512865600 1.0000000000000000 
2.3822474487139003 -0.2050775766805734 0.2244081301612356 0.0636156252095474 -0.2170730344283165 2.6263947371095937 0.2884348853901635 -0.1414619514710260 0.4922713938095707 2.3822474487143981 1.0000000000000000 
2.3999999999999999 -0.2011123579639072 0.2223056669588228 0.0597993378175932 -0.2128758809758061 2.6314116594761967 0.2768266474137923 -0.1413130201463141 0.4824981928311652 2.4000000000004871 1.0000000000000000 
2.4077525512861002 -0.1993925158258275 0.2213766552294479 0.0581560671993764 -0.2110554413270960 2.6335384879385675 0.2718633955084696 -0.1412364486264512 0.4782508672135655 2.4077525512865701 1.0000000000000000 
2.4322474487139001 -0.1940063218077223 0.2183923659024829 0.0530562709988041 -0.2053541964691468 2.6400094739212867 0.2565936476454379 -0.1409500508089182 0.4649088371422271 2.4322474487144077 1.0000000000000000 
2.4500000000000002 -0.1901488381874139 0.2161849717646068 0.0494470136744206 -0.2012710797858391 2.6444693903881440 0.2459141642260542 -0.1407018245129933 0.4553159083553681 2.4500000000004967 1.0000000000000000 
2.4577525512861000 -0.1884766192556428 0.2152117382298931 0.0478935148410942 -0.1995010489339851 2.6463581277750334 0.2413531383238977 -0.1405831044145486 0.4511495467751485 2.4577525512865792 1.0000000000000000 
2.4822474487139004 -0.1832430804351267 0.2120948121140078 0.0430747700907759 -0.1939613884262021 2.6520972153571840 0.2273411237986639 -0.1401683103443508 0.4380726668650178 2.4822474487144173 1.0000000000000000 
2.5000000000000000 -0.1794981969429043 0.2097979422731552 0.0396667088291221 -0.1899974581106874 2.6560458149850539 0.2175599504170899 -0.1398314881137822 0.4286804170040298 2.5000000000005063 1.0000000000000000 
2.5077525512861003 -0.1778756399650512 0.2087871935702091 0.0382004058895839 -0.1882799940543220 2.6577162410917334 0.2133872914398175 -0.1396752340754674 0.4246036706600535 2.5077525512865888 1.0000000000000000 
2.5322474487139002 -0.1728008585173255 0.2055585868603829 0.0336544673122556 -0.1829083770021276 2.6627851980851380 0.2005869851397018 -0.1391463912050700 0.4118181944338205 2.5322474487144264 1.0000000000000000 
2.5499999999999998 -0.1691726790462096 0.2031872094370484 0.0304415308791120 -0.1790679769935403 2.6662665224700390 0.1916687957257186 -0.1387311481670977 0.4026446492734174 2.5500000000005154 1.0000000000000000 
2.5577525512861001 -0.1676014931030779 0.2021454374858002 0.0290597488147550 -0.1774048887815221 2.6677376710898777 0.1878686274384404 -0.1385417442883229 0.3986651451381805 2.5577525512865984 1.0000000000000000 
2.5822474487139000 -0.1626905405857773 0.1988254219198598 0.0247780755983957 -0.1722066833895872 2.6721958099092573 0.1762280894183960 -0.1379124649873815 0.3861941537536558 2.5822474487144365 1.0000000000000000 
2.6000000000000001 -0.1591824326309950 0.1963940031342696 0.0217539951616490 -0.1684933781556728 2.6752520347837172 0.1681336936546728 -0.1374284374693460 0.3772551000206237 2.6000000000005254 1.0000000000000000 
2.6077525512861000 -0.1576640080239169 0.1953274785441098 0.0204539769871337 -0.1668861374112474 2.6765421039459789 0.1646885574308049 -0.1372100310367832 0.3733795024249454 2.6077525512866084 1.0000000000000000 
2.6322474487138998 -0.1529209601137345 0.1919356205189803 0.0164277864155288 -0.1618656577519415 2.6804460197830267 0.1541512680143913 -0.1364931736982057 0.3612430979374630 2.6322474487144465 1.0000000000000000 
2.6499999999999999 -0.1495355802671060 0.1894581096076657 0.0135861338473689 -0.1582822592746677 2.6831172853294079 0.1468385420290044 -0.1359494464197371 0.3525522219912375 2.6500000000005355 1.0000000000000000 
2.6577525512861002 -0.1480709997353143 0.1883728750798083 0.0123650571864502 -0.1567320120689686 2.6842435683263237 0.1437297936038768 -0.1357059425488641 0.3487862927395209 2.6577525512866180 1.0000000000000000 
2.6822474487139001 -0.1434989720036669 0.1849280151557192 0.0085853764037625 -0.1518925559506253 2.6876469410646626 0.1342358677175543 -0.1349135955999045 0.3370017864422276 2.6822474487144556 1.0000000000000000 
2.7000000000000002 -0.1402382921915058 0.1824178299278953 0.0059196012137754 -0.1484411514987981 2.6899712265719931 0.1276605968988566 -0.1343186909777305 0.3285708091480585 2.7000000000005451 1.0000000000000000 
2.7077525512861000 -0.1388283424500979 0.1813196940404081 0.0047745942728836 -0.1469487305636926 2.6909500618613764 0.1248687647562342 -0.1340537481772143 0.3249194659283434 2.7077525512866281 1.0000000000000000 
2.7322474487138999 -0.1344295271289975 0.1778399279806449 0.0012323101282771 -0.1422926184470016 2.6939035156754825 0.1163560451593825 -0.1331972170007204 0.3135015610948546 2.7322474487144657 1.0000000000000000 
2.7500000000000000 -0.1312948615412707 0.1753099417754095 -0.0012642250107016 -0.1389745990805728 2.6959165541518400 0.1104726795439046 -0.1325590865519724 0.3053403684620490 2.7500000000005547 1.0000000000000000 
2.7577525512861003 -0.1299400451128183 0.1742044734625480 -0.0023360680874468 -0.1375405363323304 2.6967632922224265 0.1079777852925611 -0.1322761132002651 0.3018077413773083 2.7577525512866372 1.0000000000000000 
2.7822474487138997 -0.1257157487506285 0.1707071357204508 -0.0056501611650855 -0.1330691511886655 2.6993143068413112 0.1003828164693933 -0.1313659099157140 0.2907687099160884 2.7822474487144753 1.0000000000000000 
2.7999999999999998 -0.1227077813753918 0.1681696663574525 -0.0079841463327939 -0.1298852409037206 2.7010495352520238 0.0951451405426885 -0.1306919277081857 0.2828854791971310 2.8000000000005638 1.0000000000000000 
2.8077525512861001 -0.1214083286744506 0.1670621903225425 -0.0089857507416515 -0.1285097802343728 2.7017785205716760 0.0929269822143050 -0.1303940794161021 0.2794749652957201 2.8077525512866468 1.0000000000000000 
2.8322474487139000 -0.1173590105412663 0.1635638406625530 -0.0120809048824331 -0.1242236081975897 2.7039713883202738 0.0861858683766867 -0.1294399154236994 0.2688248179777122 2.8322474487144844 1.0000000000000000 
2.8500000000000001 -0.1144778231928448 0.1610306418199615 -0.0142590502978610 -0.1211738935939617 2.7054599292425321 0.0815475882276407 -0.1287368734907058 0.2612261390249678 2.8500000000005730 1.0000000000000000 
2.8577525512861000 -0.1132337048123392 0.1599262350532234 -0.0151933464986892 -0.1198570038763454 2.7060844954679797 0.0795859878794779 -0.1284270513110284 0.2579404547501145 2.8577525512866560 1.0000000000000000 
2.8822474487138998 -0.1093590158856560 0.1564426487836508 -0.0180788165791836 -0.1157556755088135 2.7079603184060175 0.0736351398438650 -0.1274378324648396 0.2476871047947392 2.8822474487144940 1.0000000000000000 
2.8999999999999999 -0.1066041165971223 0.1539249040910867 -0.0201078214808729 -0.1128396358433012 2.7092309890594719 0.0695503914619281 -0.1267119380779952 0.2403780965528587 2.9000000000005830 1.0000000000000000 
2.9077525512861002 -0.1054150557385578 0.1528283936017417 -0.0209777317746741 -0.1115810240883431 2.7097634657646514 0.0678254088138124 -0.1263927875132318 0.2372193280648662 2.9077525512866655 1.0000000000000000 
2.9322474487139001 -0.1017138780808226 0.1493745557071396 -0.0236627336799034 -0.1076633560617782 2.7113601875071018 0.0626021855100369 -0.1253766117607259 0.2273687479684446 2.9322474487145032 1.0000000000000000 
2.9500000000000002 -0.0990842297203349 0.1468828757099432 -0.0255492567154692 -0.1048798935383199 2.7124395323259436 0.0590259686464067 -0.1246334864358041 0.2203531700453134 2.9500000000005917 1.0000000000000000 
2.9577525512861000 -0.0979497147057160 0.1457988375265555 -0.0263576824822378 -0.1036790181388054 2.7128912615993079 0.0575180827362248 -0.1243073971879538 0.2173228213969046 2.9577525512866747 1.0000000000000000 
2.9822474487138999 -0.0944202010352195 0.1423889408195924 -0.0288513534577168 -0.0999430551197549 2.7142437287095369 0.0529613338256952 -0.1232715544929363 0.2078791929654737 2.9822474487145127 1.0000000000000000 
3.0000000000000000 -0.0919142500009527 0.1399333628558202 -0.0306019845906002 -0.0972905252627922 2.7151560718542962 0.0498498762850404 -0.1225162345915529 0.2011595522750813 3.0000000000006013 1.0000000000000000 
3.0077525512861003 -0.0908335468028028 0.1388661223006498 -0.0313517941901163 -0.0961466092562940 2.7155374332195010 0.0485401373035294 -0.1221853409929191 0.1982585914411310 3.0077525512866843 1.0000000000000000 
3.0322474487138997 -0.0874731600570863 0.1355135695684423 -0.0336631552888525 -0.0925896657836981 2.7166774814031709 0.0445906538704485 -0.1211363153459388 0.1892244490498367 3.0322474487145219 1.0000000000000000 
3.0499999999999998 -0.0850888649059740 0.1331035605019558 -0.0352843892226207 -0.0900659077414782 2.7174449958614839 0.0419017113876462 -0.1203732541285947 0.1828021015591377 3.0500000000006109 1.0000000000000000 
3.0577525512861001 -0.0840610296325975 0.1320571937043318 -0.0359784065574753 -0.0889779520259111 2.7177654380869902 0.0407718649638425 -0.1200394361900728 0.1800310043378990 3.0577525512866934 1.0000000000000000 
3.0822474487139000 -0.0808665823279107 0.1287746037027754 -0.0381163271763026 -0.0855966541727854 2.7187219987709770 0.0373727455319855 -0.1189829095042133 0.1714073714846612 3.0822474487145310 1.0000000000000000 
3.1000000000000001 -0.0786014421983697 0.1264190653747314 -0.0396145382892619 -0.0831990208025962 2.7193647889586026 0.0350658425438853 -0.1182159804876316 0.1652826191253866 3.1000000000006205 1.0000000000000000 
3.1077525512861000 -0.0776253334741076 0.1253974019550383 -0.0402555320261350 -0.0821658172406214 2.7196328674369599 0.0340984288078985 -0.1178808655002427 0.1626414109400950 3.1077525512867030 1.0000000000000000 
3.1322474487138998 -0.0745930266743176 0.1221966190062681 -0.0422286965155970 -0.0789561438623469 2.7204320906839050 0.0311953680600122 -0.1168217231899146 0.1544279301946895 3.1322474487145406 1.0000000000000000 
3.1499999999999999 -0.0724441093717159 0.1199038962026940 -0.0436101152912971 -0.0766815314587683 2.7209682857242599 0.0292319847279182 -0.1160542246630130 0.1486001130219839 3.1500000000006296 1.0000000000000000 
3.1577525512861002 -0.0715184005560395 0.1189105230322130 -0.0442007887334251 -0.0757016758116102 2.7211917042186213 0.0284104144872582 -0.1157191892894646 0.1460884086601765 3.1577525512867126 1.0000000000000000 
3.1822474487139001 -0.0686438622786238 0.1158026299038549 -0.0460176650559050 -0.0726589991983810 2.7218570942968587 0.0259519220531069 -0.1146615273345289 0.1382834651335900 3.1822474487145507 1.0000000000000000 
3.2000000000000002 -0.0666078319036745 0.1135805205878345 -0.0472883559884591 -0.0705038767377270 2.7223029494243072 0.0242956328472706 -0.1138961878921336 0.1327510488278722 3.2000000000006392 1.0000000000000000 
3.2077525512861000 -0.0657310230982195 0.1126187865099356 -0.0478313375893878 -0.0695757813745264 2.7224886050960322 0.0236042431851392 -0.1135623606876073 0.1303680901615683 3.2077525512867222 1.0000000000000000 
3.2322474487138999 -0.0630093460025178 0.1096141201986631 -0.0495001479915159 -0.0666949071440735 2.7230411653902933 0.0215417997429662 -0.1125094939940337 0.1229689286364581 3.2322474487145594 1.0000000000000000 
3.2500000000000000 -0.0610824900162978 0.1074698877206768 -0.0506659889386680 -0.0646553449325058 2.7234111691853147 0.0201583687832485 -0.1117484789549658 0.1177295874543862 3.2500000000006484 1.0000000000000000 
3.2577525512861003 -0.0602529198150272 0.1065429091051194 -0.0511638234448566 -0.0637772512677766 2.7235651999306101 0.0195824603293348 -0.1114167432598838 0.1154742791879999 3.2577525512867314 1.0000000000000000 
3.2822474487138997 -0.0576786980378094 0.1036510791092489 -0.0526925171025442 -0.0610524573555328 2.7240235842362512 0.0178706180561286 -0.1103712151403536 0.1084771150610407 3.2822474487145694 1.0000000000000000 
3.2999999999999998 -0.0558569536720401 0.1015914660869021 -0.0537591800541829 -0.0591241549841395 2.7243305696561344 0.0167280562281852 -0.1096161337262229 0.1035278103470626 3.3000000000006580 1.0000000000000000 
3.3077525512861001 -0.0550728106163674 0.1007021330806115 -0.0542143202618209 -0.0582941456029285 2.7244584028902903 0.0162539142709377 -0.1092871308781884 0.1013987538420475 3.3077525512867405 1.0000000000000000 
3.3322474487139000 -0.0526401756411372 0.0979320417248650 -0.0556105478496945 -0.0557192202294100 2.7248390704788421 0.0148503483985699 -0.1082507234908316 0.0947988780343050 3.3322474487145781 1.0000000000000000 
3.3500000000000001 -0.0509191555781319 0.0959632852719867 -0.0565834810750883 -0.0538975337562320 2.7250943278931978 0.0139189370455030 -0.1075026366532202 0.0901359324069582 3.3500000000006667 1.0000000000000000 
3.3577525512861000 -0.0501784892857763 0.0951142686059053 -0.0569982801846556 -0.0531135441939259 2.7252007300269891 0.0135338385550824 -0.1071767694704319 0.0881314576331130 3.3577525512867497 1.0000000000000000 
3.3822474487138998 -0.0478811447543153 0.0924741329737674 -0.0582693703162308 -0.0506818227124836 2.7255181022005859 0.0123993564586610 -0.1061505150705461 0.0819233356265494 3.3822474487145873 1.0000000000000000 
3.3999999999999999 -0.0462561620170861 0.0906019809569918 -0.0591537818496867 -0.0489617910085007 2.7257314928747838 0.0116516421952919 -0.1054099438667727 0.0775425029542211 3.4000000000006763 1.0000000000000000 
3.4077525512861002 -0.0455568939604626 0.0897957391687364 -0.0595304864003158 -0.0482216211596695 2.7258206188282963 0.0113438507131714 -0.1050873803607784 0.0756606986176577 3.4077525512867588 1.0000000000000000 
3.4322474487139001 -0.0433881493572920 0.0872931142017463 -0.0606834238810005 -0.0459260217112314 2.7260872349927707 0.0104423645890280 -0.1040715732382926 0.0698380637754125 3.4322474487145964 1.0000000000000000 
3.4500000000000002 -0.0418542413662860 0.0855228422085702 -0.0614842663029217 -0.0443023919242328 2.7262673036829193 0.0098531295094017 -0.1033385076692077 0.0657345950553420 3.4500000000006854 1.0000000000000000 
3.4577525512861000 -0.0411941752831762 0.0847616291439579 -0.0618250096675290 -0.0436037170622445 2.7263427458768117 0.0096118797379077 -0.1030191849507052 0.0639733369525811 3.4577525512867680 1.0000000000000000 
3.4822474487138999 -0.0391469784453453 0.0824034314806001 -0.0628664154994511 -0.0414367749866768 2.7265694174563060 0.0089103485336205 -0.1020133939447964 0.0585292782785732 3.4822474487146056 1.0000000000000000 
3.5000000000000000 -0.0376989302138060 0.0807398601949818 -0.0635883719678789 -0.0399040270933713 2.7267235029857186 0.0084565597902346 -0.1012873021816849 0.0546979835309756 3.5000000000006941 1.0000000000000000 
3.5077525512861003 -0.0370757621397614 0.0800257326573381 -0.0638951683892940 -0.0392444084896134 2.7267883393383947 0.0082720335866401 -0.1009709305290553 0.0530549611777230 3.5077525512867771 1.0000000000000000 
3.5322474487138997 -0.0351427305652499 0.0778182648048696 -0.0648312814649887 -0.0371983094654234 2.7269843001272207 0.0077403794346461 -0.0999740120302386 0.0479820056679971 3.5322474487146143 1.0000000000000000 
3.5499999999999998 -0.0337750970199910 0.0762657775032449 -0.0654787529516284 -0.0357506798978076 2.7271186430057410 0.0074011218671067 -0.0992538499716194 0.0444173119547102 3.5500000000007028 1.0000000000000000 
3.5577525512861001 -0.0331864249382880 0.0756006029271704 -0.0657534920995644 -0.0351275750360899 2.7271754835468296 0.0072644172150983 -0.0989399170378524 0.0428900535367287 3.5577525512867858 1.0000000000000000 
3.5822474487139000 -0.0313598758860089 0.0735495773858575 -0.0665901525206700 -0.0331941869410462 2.7273485353464499 0.0068754212033835 -0.0979500284066789 0.0381802432712996 3.5822474487146230 1.0000000000000000 
3.6000000000000001 -0.0300670033142546 0.0721121372867020 -0.0671672462050696 -0.0318256912877188 2.7274683816703469 0.0066318163905215 -0.0972342495193242 0.0348762489456159 3.6000000000007120 1.0000000000000000 
3.6077525512861000 -0.0295103364251589 0.0714976013221006 -0.0674116882337154 -0.0312364636757185 2.7275194134562049 0.0065349107893590 -0.0969220246588743 0.0334621446378729 3.6077525512867945 1.0000000000000000 
3.6322474487138998 -0.0277823158178366 0.0696081643112603 -0.0681543221909440 -0.0294073671803255 2.7276760660763952 0.0062640924846138 -0.0959366380087806 0.0291071087579554 3.6322474487146321 1.0000000000000000 
3.6499999999999999 -0.0265583624535711 0.0682893315338651 -0.0686648409668763 -0.0281118219769803 2.7277857671076973 0.0060992072923256 -0.0952232034204474 0.0260576340495148 3.6500000000007211 1.0000000000000000 
3.6577525512861002 -0.0260311300701290 0.0677269454360310 -0.0688806120531301 -0.0275537505623688 2.7278327971933485 0.0060349168728035 -0.0949117421232591 0.0247539577485485 3.6577525512868037 1.0000000000000000 
3.6822474487139001 -0.0243934402280644 0.0660036999035288 -0.0695342182048283 -0.0258202684858427 2.7279784021070261 0.0058604015991898 -0.0939276584328927 0.0207449794602592 3.6822474487146413 1.0000000000000000 
3.7000000000000002 -0.0232323960029610 0.0648066478154983 -0.0699816512539481 -0.0245913121214741 2.7280815090773918 0.0057591490003215 -0.0932140472569091 0.0179436134962047 3.7000000000007303 1.0000000000000000 
3.7077525512861000 -0.0227319560854805 0.0642977555475224 -0.0701702395968277 -0.0240616003255990 2.7281260053615299 0.0057210845483385 -0.0929021956823082 0.0167475430094683 3.7077525512868128 1.0000000000000000 
3.7322474487138999 -0.0211761823342965 0.0627447831777207 -0.0707393768853299 -0.0224148257999620 2.7282648824927831 0.0056234620234063 -0.0919155592196264 0.0130756217515164 3.7322474487146500 1.0000000000000000 
3.7500000000000000 -0.0200718878287196 0.0616723139350067 -0.0711268912747888 -0.0212459385763554 2.7283642363086269 0.0055724966790161 -0.0911987791035085 0.0105157661126618 3.7500000000007385 1.0000000000000000 
3.7577525512861003 -0.0195955351745193 0.0612180988993403 -0.0712896435373167 -0.0207417229630267 2.7284073661242085 0.0055550176234595 -0.0908851787118360 0.0094244018475262 3.7577525512868211 1.0000000000000000 
3.7822474487138997 -0.0181130713833990 0.0598389808679061 -0.0717784203849376 -0.0191725464651348 2.7285429234193810 0.0055171951655665 -0.0898914917683366 0.0060803107571877 3.7822474487146582 1.0000000000000000 
3.7999999999999998 -0.0170592360221843 0.0588935399752788 -0.0721088536477643 -0.0180570698569588 2.7286407390625520 0.0055048059813488 -0.0891680896699486 0.0037552196657717 3.8000000000007472 1.0000000000000000 
3.8077525512861001 -0.0166042101310776 0.0584950313017061 -0.0722469718236087 -0.0175754284580037 2.7286834054353042 0.0055029732841105 -0.0888511819546864 0.0027656018599046 3.8077525512868298 1.0000000000000000 
3.8322474487139000 -0.0151862832497635 0.0572928675583196 -0.0726590366534300 -0.0160745637817715 2.7288182510183812 0.0055100264358489 -0.0878453199031935 -0.0002600593312462 3.8322474487146674 1.0000000000000000 
3.8500000000000001 -0.0141765027955061 0.0564765573015002 -0.0729348903130687 -0.0150057189530893 2.7289161965407773 0.0055260280452496 -0.0871113931085748 -0.0023572420975102 3.8500000000007564 1.0000000000000000 
3.8577525512861000 -0.0137399954348655 0.0561346356287879 -0.0730494290013956 -0.0145436792759139 2.7289590720819721 0.0055355568182706 -0.0867894244362612 -0.0032481175634945 3.8577525512868394 1.0000000000000000 
3.8822474487138998 -0.0123776891078502 0.0551120625200042 -0.0733879620318916 -0.0131016885277534 2.7290951189288788 0.0055745798800533 -0.0857656511397418 -0.0059648740750170 3.8822474487146761 1.0000000000000000 
3.8999999999999999 -0.0114054625113241 0.0544266541427960 -0.0736113960352689 -0.0120725941680614 2.7291943890307686 0.0056102047580050 -0.0850168585465930 -0.0078410814494364 3.9000000000007646 1.0000000000000000 
3.9077525512861002 -0.0109846250074554 0.0541420568407424 -0.0737032601086015 -0.0116271409135146 2.7292379474691399 0.0056274173258250 -0.0846878851160570 -0.0086362486168557 3.9077525512868476 1.0000000000000000 
3.9322474487139001 -0.0096689023524398 0.0533012629145091 -0.0739709663755334 -0.0102344586231576 2.7293765106519410 0.0056873759644106 -0.0836398687279732 -0.0110537064789417 3.9322474487146848 1.0000000000000000 
3.9500000000000002 -0.0087276480255939 0.0527482074348486 -0.0741437944023391 -0.0092381481722268 2.7294778949131118 0.0057351686435564 -0.0828714424279330 -0.0127159174609761 3.9500000000007738 1.0000000000000000 
3.9577525512861000 -0.0083195983105825 0.0525215332221984 -0.0742137370537010 -0.0088062306936324 2.7295224403041645 0.0057569486702756 -0.0825333353642835 -0.0134184271958523 3.9577525512868563 1.0000000000000000 
3.9822474487138999 -0.0070413239555172 0.0518642730824433 -0.0744128406175165 -0.0074531871401691 2.7296643269566068 0.0058285364595352 -0.0814541645730336 -0.0155462332973877 3.9822474487146939 1.0000000000000000 
4.0000000000000000 -0.0061243955373379 0.0514447106600844 -0.0745365262369772 -0.0064826254760887 2.7297682728576267 0.0058822511047942 -0.0806609217743151 -0.0170014453054753 4.0000000000007825 1.0000000000000000 
4.0077525512861003 -0.0057262249825386 0.0512764235817098 -0.0745851473941956 -0.0060611650124420 2.7298139665371637 0.0059059993118065 -0.0803113723767342 -0.0176143535000178 4.0077525512868650 1.0000000000000000 
4.0322474487138997 -0.0044761864615227 0.0508040296856787 -0.0747173866963240 -0.0047380088717148 2.7299595587786349 0.0059814997778528 -0.0791935731578467 -0.0194621597009475 4.0322474487147026 1.0000000000000000 
4.0499999999999998 -0.0035768881510048 0.0505187974710276 -0.0747930403465809 -0.0037861085407239 2.7300662297072824 0.0060360021753580 -0.0783699284975856 -0.0207173638328103 4.0500000000007912 1.0000000000000000 
4.0577525512861001 -0.0031856682199834 0.0504092302048265 -0.0748207854433187 -0.0033720052587791 2.7301131150801008 0.0060595940907275 -0.0780064536633022 -0.0212437208667785 4.0577525512868737 1.0000000000000000 
4.0822474487138996 -0.0019545968331089 0.0501226225172361 -0.0748874097801915 -0.0020689256833674 2.7302624462070120 0.0061327495706151 -0.0768420066133005 -0.0228211520514630 4.0822474487147105 1.0000000000000000 
4.0999999999999996 -0.0010661983667485 0.0499722609255285 -0.0749157865494059 -0.0011285627534158 2.7303717746931042 0.0061839244032946 -0.0759819849161543 -0.0238833111621871 4.1000000000007990 1.0000000000000000 
4.1077525512861000 -0.0006789871217858 0.0499216173955817 -0.0749229456442665 -0.0007187026347698 2.7304197999678275 0.0062056705051244 -0.0756019327660523 -0.0243261525855706 4.1077525512868807 1.0000000000000000 
4.1322474487139003 0.0005424216321649 0.0498213108319763 -0.0749247127335596 0.0005741491181575 2.7305726242807675 0.0062715588872888 -0.0743822911013947 -0.0256427785345194 4.1322474487147183 1.0000000000000000 
4.1500000000000004 0.0014266702784463 0.0498060681993978 -0.0749062109260391 0.0015101194955357 2.7306843607419911 0.0063162230012628 -0.0734795406475928 -0.0265188080430394 4.1500000000008068 1.0000000000000000 
4.1577525512860998 0.0018128217811536 0.0498144254770129 -0.0748929181629175 0.0019188578851718 2.7307333997392917 0.0063348315456584 -0.0730800963817639 -0.0268811464416976 4.1577525512868894 1.0000000000000000 
4.1822474487139001 0.0030338880872681 0.0499005350838022 -0.0748300927823577 0.0032113471597010 2.7308892564221119 0.0063897517403752 -0.0717962046950897 -0.0279464573995667 4.1822474487147270 1.0000000000000000 
4.2000000000000002 0.0039207421899195 0.0500203706721834 -0.0747647532572767 0.0041500753925658 2.7310030137348282 0.0064255739533143 -0.0708440110673572 -0.0286432087343812 4.2000000000008164 1.0000000000000000 
4.2077525512861005 0.0043087835804352 0.0500876801504815 -0.0747309866620162 0.0045608142138822 2.7310528849091216 0.0064401167122808 -0.0704222030815810 -0.0289280267404364 4.2077525512868990 1.0000000000000000 
4.2322474487138999 0.0055388233912904 0.0503599239808330 -0.0746033403470787 0.0058628018740202 2.7312111564134471 0.0064814835007207 -0.0690645169557883 -0.0297514125585333 4.2322474487147357 1.0000000000000000 
4.2500000000000000 0.0064350290812970 0.0506145093050913 -0.0744908466217415 0.0068114286900282 2.7313264506464807 0.0065069113645712 -0.0680558175404445 -0.0302756591535619 4.2500000000008251 1.0000000000000000 
4.2577525512861003 0.0068279043949542 0.0507405971357010 -0.0744364282320702 0.0072272841817360 2.7313769344709313 0.0065167924400577 -0.0676085238371160 -0.0304859035624656 4.2577525512869077 1.0000000000000000 
4.2822474487138997 0.0080762095992881 0.0511982967885834 -0.0742432400249888 0.0085486056201013 2.7315368998874292 0.0065430411697960 -0.0661670304257007 -0.0310766362942619 4.2822474487147453 1.0000000000000000 
4.2999999999999998 0.0089884894901552 0.0515870152459940 -0.0740829191390262 0.0095142468538384 2.7316531875543291 0.0065572349749019 -0.0650944296488710 -0.0314350620457662 4.3000000000008338 1.0000000000000000 
4.3077525512861001 0.0093891308883593 0.0517715820281534 -0.0740075154666978 0.0099383226861875 2.7317040424259358 0.0065621628017931 -0.0646183845783386 -0.0315736390020619 4.3077525512869173 1.0000000000000000 
4.3322474487138996 0.0106649494472907 0.0524136608221869 -0.0737475737153878 0.0112887667983524 2.7318649263428956 0.0065726642335278 -0.0630826242680971 -0.0319408588304219 4.3322474487147540 1.0000000000000000 
4.3499999999999996 0.0115999882032729 0.0529356056047034 -0.0735383978567827 0.0122784981154147 2.7319816385396432 0.0065754384281434 -0.0619384096535098 -0.0321400489258724 4.3500000000008434 1.0000000000000000 
4.3577525512861000 0.0120113096586175 0.0531782253175573 -0.0734415206828166 0.0127138787059382 2.7320326153655663 0.0065754010308375 -0.0614302110241992 -0.0322098201397857 4.3577525512869260 1.0000000000000000 
4.3822474487139003 0.0133238255905410 0.0540032040716804 -0.0731131258945665 0.0141031667045942 2.7321936327268559 0.0065703864940813 -0.0597893003040256 -0.0323625245148164 4.3822474487147627 1.0000000000000000 
4.4000000000000004 0.0142882553485386 0.0546571743417211 -0.0728537147929573 0.0151240081707784 2.7323102065281253 0.0065621585914277 -0.0585654594444187 -0.0324089585445249 4.4000000000008512 1.0000000000000000 
4.4077525512860998 0.0147131462563140 0.0549572925097579 -0.0727347222988692 0.0155737519221230 2.7323610621565404 0.0065574021152276 -0.0580215760425552 -0.0324127385016340 4.4077525512869347 1.0000000000000000 
4.4322474487139001 0.0160714593501379 0.0559632828988152 -0.0723356910599853 0.0170115158636995 2.7325214596355103 0.0065378989982390 -0.0562642317098474 -0.0323597743682965 4.4322474487147723 1.0000000000000000 
4.4500000000000002 0.0170718449075620 0.0567477782049803 -0.0720243151573093 0.0180704162664719 2.7326373671238686 0.0065196459514307 -0.0549524702497472 -0.0322598216305743 4.4500000000008608 1.0000000000000000 
4.4577525512861005 0.0175131635852159 0.0571047092842891 -0.0718824133972432 0.0185375486856275 2.7326878767826774 0.0065106564507882 -0.0543692498120273 -0.0322003757569643 4.4577525512869434 1.0000000000000000 
4.4822474487138999 0.0189262687198550 0.0582894047291772 -0.0714100833762437 0.0200333095801344 2.7328469711868042 0.0064784339303046 -0.0524838146563887 -0.0319504347519004 4.4822474487147801 1.0000000000000000 
4.5000000000000000 0.0199690923993408 0.0592026176310597 -0.0710446677894574 0.0211371304080465 2.7329617464861640 0.0064516558724055 -0.0510755753901167 -0.0317103516624668 4.5000000000008695 1.0000000000000000 
4.5077525512861003 0.0204296594347923 0.0596155416003004 -0.0708789125101833 0.0216246370655878 2.7330117153910969 0.0064391443025340 -0.0504492530753910 -0.0315903954079727 4.5077525512869521 1.0000000000000000 
4.5322474487138997 0.0219064253805258 0.0609762056389639 -0.0703301485686586 0.0231877824380162 2.7331689296046799 0.0063966691102085 -0.0484237231881329 -0.0311520119054359 4.5322474487147897 1.0000000000000000 
4.5499999999999998 0.0229980714804964 0.0620160124993277 -0.0699082778640393 0.0243432814217468 2.7332821942822463 0.0063633602810880 -0.0469102063835428 -0.0307779414218223 4.5500000000008782 1.0000000000000000 
4.5577525512861001 0.0234806628893160 0.0624839706338907 -0.0697175766818686 0.0248541007087608 2.7333314685723860 0.0063482506070450 -0.0462369137925526 -0.0306001402242264 4.5577525512869608 1.0000000000000000 
4.5822474487138996 0.0250298104635365 0.0640174227009034 -0.0690887781237837 0.0264938614771115 2.7334863655319328 0.0062986525300707 -0.0440589676602472 -0.0299816921116182 4.5822474487147984 1.0000000000000000 
4.5999999999999996 0.0261765492010819 0.0651813725887955 -0.0686077019271929 0.0277076755931273 2.7335978527222204 0.0062612791423145 -0.0424311527261110 -0.0294796650834142 4.6000000000008878 1.0000000000000000 
4.6077525512861000 0.0266838893513603 0.0657032623894759 -0.0683908168730158 0.0282446912322419 2.7336463298759295 0.0062446994497659 -0.0417069275216556 -0.0292466351768091 4.6077525512869695 1.0000000000000000 
4.6322474487139003 0.0283139687970905 0.0674058609078562 -0.0676779258700808 0.0299701177628600 2.7337986450554221 0.0061917461711719 -0.0393639570729903 -0.0284563472411585 4.6322474487148062 1.0000000000000000 
4.6500000000000004 0.0295219396462411 0.0686911625374788 -0.0671345653426110 0.0312487455971067 2.7339082226458760 0.0061532309027312 -0.0376126256963699 -0.0278322855971617 4.6500000000008956 1.0000000000000000 
4.6577525512860998 0.0300566939083822 0.0692657317760089 -0.0668901157884748 0.0318147788623531 2.7339558615236275 0.0061365073666635 -0.0368334218800926 -0.0275465956281391 4.6577525512869782 1.0000000000000000 
4.6822474487139001 0.0317760613584534 0.0711333544350111 -0.0660886270263148 0.0336347160574418 2.7341055343849576 0.0060845881643403 -0.0343125656678614 -0.0265925454359883 4.6822474487148158 1.0000000000000000 
4.7000000000000002 0.0330512556824804 0.0725368610422164 -0.0654795822399778 0.0349844994217681 2.7342132275855420 0.0060483009045435 -0.0324283265574973 -0.0258522671197024 4.7000000000009043 1.0000000000000000 
4.7077525512861005 0.0336160227590809 0.0731627008751092 -0.0652060482229444 0.0355823010198170 2.7342600582383083 0.0060329544456024 -0.0315900254638635 -0.0255164405355928 4.7077525512869869 1.0000000000000000 
4.7322474487138999 0.0354328156417420 0.0751907219317909 -0.0643110198202348 0.0375053622844649 2.7344072630760627 0.0059870721863937 -0.0288782041784928 -0.0244065666902334 4.7322474487148236 1.0000000000000000 
4.7500000000000000 0.0367810585123949 0.0767089139627356 -0.0636325780738653 0.0389324669724254 2.7345132766749867 0.0059568266030450 -0.0268515195614704 -0.0235557922557527 4.7500000000009122 1.0000000000000000 
4.7577525512861003 0.0373783624007151 0.0773844510520459 -0.0633283040353269 0.0395647085349250 2.7345594100477002 0.0059445720353472 -0.0259499416346117 -0.0231723104298611 4.7577525512869956 1.0000000000000000 
4.7822474487138997 0.0393004736333838 0.0795677154523261 -0.0623343697959230 0.0415992484613901 2.7347045866272763 0.0059103428196556 -0.0230338961625392 -0.0219144230917743 4.7822474487148323 1.0000000000000000 
4.7999999999999998 0.0407274047227465 0.0811966809070970 -0.0615825149173205 0.0431096440224223 2.7348093272119223 0.0058903982568506 -0.0208551101945740 -0.0209587838729806 4.8000000000009209 1.0000000000000000 
4.8077525512861001 0.0413596862589459 0.0819201684719086 -0.0612457138785502 0.0437789091556362 2.7348549648611100 0.0058831457054434 -0.0198860276196042 -0.0205300899326377 4.8077525512870034 1.0000000000000000 
4.8322474487138996 0.0433947370655019 0.0842529625386481 -0.0601470969450413 0.0459329947506606 2.7349988492149175 0.0058668054368316 -0.0167523598795394 -0.0191318834914196 4.8322474487148401 1.0000000000000000 
4.8499999999999996 0.0449057904872110 0.0859883747765946 -0.0593175196316540 0.0475324331521694 2.7351029476109958 0.0058618735944454 -0.0144117291444430 -0.0180769312586864 4.8500000000009287 1.0000000000000000 
4.8577525512861000 0.0455753984174061 0.0867578824823605 -0.0589462778291667 0.0482412079857608 2.7351483915439685 0.0058617319344667 -0.0133708794117606 -0.0176054345830037 4.8577525512870121 1.0000000000000000 
4.8822474487139003 0.0477307095905794 0.0892339008639939 -0.0577368058153477 0.0505225882520300 2.7352920472521811 0.0058701490057795 -0.0100060962247683 -0.0160745023720782 4.8822474487148488 1.0000000000000000 
4.9000000000000004 0.0493310925562670 0.0910709936373051 -0.0568249150726037 0.0522165812873976 2.7353963814050752 0.0058854047909354 -0.0074938225163367 -0.0149257203924619 4.9000000000009383 1.0000000000000000 
4.9077525512860998 0.0500402740744967 0.0918843962117615 -0.0564171970799366 0.0529672444589378 2.7354420441350569 0.0058946868333388 -0.0063769230054399 -0.0144138017479362 4.9077525512870208 1.0000000000000000 
4.9322474487139001 0.0523228354882271 0.0944967047257388 -0.0550903187695631 0.0553833181241482 2.7355868943748081 0.0059353800339527 -0.0027674832813360 -0.0127576526970774 4.9322474487148584 1.0000000000000000 
4.9500000000000002 0.0540175056320534 0.0964302441638821 -0.0540912545133894 0.0571771134109261 2.7356926128649306 0.0059764759107331 -0.0000737488813360 -0.0115204681164276 4.9500000000009470 1.0000000000000000 
4.9577525512861005 0.0547683963193092 0.0972852086084100 -0.0536449088792374 0.0579719254164363 2.7357390277620834 0.0059977050305622 0.0011234874400718 -0.0109704853999980 4.9577525512870295 1.0000000000000000 
4.9822474487138999 0.0571848344762130 0.1000262025500956 -0.0521937125892629 0.0605297065825386 2.7358868883620193 0.0060788656865231 0.0049911218869501 -0.0091965625251779 4.9822474487148671 1.0000000000000000 
5.0000000000000000 0.0589784756850604 0.1020504557707513 -0.0511023594875140 0.0624282619788945 2.7359954347104751 0.0061519487812747 0.0078761161975464 -0.0078763599939462 5.0000000000009557 1.0000000000000000 
float data_2(2,4)
0.0 1.0584922932168261 0.0000000000000000 0.0000000000000000 
5.0000000000000000 1.0584922932168261 0.0000000000000000 0.0000000000000000 
